110600,03473K,184500,5,5000,-2.64,61.97,64115,39733,-24382,2547,1914,-633,107311,184000,184500,184000,53,3,4,1134,6686,33,20
110700,03473K,184000,5,5500,-2.9,61.73,64368,39734,-24634,2550,1915,-635,107565,184000,184000,184000,0,0,0,1128,6480,0,0
110700,03473K,184000,5,5500,-2.9,61.7,64401,39734,-24667,2554,1915,-639,107598,184000,184000,184000,33,4,0,1138,6515,33,0
110800,03473K,184000,5,5500,-2.9,61.66,64440,39734,-24706,2558,1915,-643,107637,184000,184000,184000,27,2,0,1110,6466,27,0
110800,03473K,184000,5,5500,-2.9,61.61,64494,39734,-24760,2561,1915,-646,107691,184000,184000,184000,81,5,0,1110,7021,81,0
110900,03473K,183500,5,6000,-3.17,61.42,64697,39736,-24961,2564,1916,-648,107896,184000,184000,183500,5,2,1,1110,7080,3,2
110900,03473K,184000,5,5500,-2.9,61.37,64752,39740,-25012,2569,1917,-652,107955,184000,184000,183500,64,7,2,1117,7034,58,6
111000,03473K,184000,5,5500,-2.9,61.34,64786,39740,-25046,2573,1917,-656,107989,184000,184000,184000,9,1,0,1106,6576,9,0
111000,03473K,183500,5,6000,-3.17,61.22,64931,39750,-25181,2578,1922,-656,108144,184000,184000,183500,164,6,5,1078,7092,154,10
111100,03473K,183500,5,6000,-3.17,61.13,65028,39751,-25277,2580,1923,-657,108242,183500,183500,183500,97,2,0,1239,6998,97,0
111100,03473K,183500,5,6000,-3.17,61.02,65154,39759,-25395,2583,1926,-657,108376,183500,183500,183000,231,5,3,1085,7260,223,8
111200,03473K,183500,5,6000,-3.17,61.04,65207,39805,-25402,2585,1936,-649,108475,183500,184000,183500,79,2,5,1033,6895,53,26
111200,03473K,183500,5,6000,-3.17,61.05,65216,39815,-25401,2586,1938,-648,108494,183500,184000,183500,98,3,7,1110,6865,62,36
111300,03473K,184000,5,5500,-2.9,61.19,65271,39942,-25329,2588,1944,-644,108676,183500,184000,183500,112,1,5,1082,6970,5,107
111300,03473K,184000,5,5500,-2.9,61.21,65274,39952,-25322,2589,1945,-644,108689,183500,184000,183500,125,2,6,1325,6984,8,117
111400,03473K,184000,5,5500,-2.9,61.32,65298,40042,-25256,2590,1951,-639,108803,184000,184000,183500,107,1,5,1269,6989,24,83
111400,03473K,184500,5,5000,-2.64,61.55,65298,40193,-25105,2590,1956,-634,108954,184000,184500,183500,258,1,10,1293,7008,24,234
111500,03473K,183500,5,6000,-3.17,61.51,65343,40193,-25150,2594,1956,-638,108999,184000,184000,183500,45,4,0,1481,7004,45,0
111500,03473K,184500,5,5000,-2.64,61.65,65431,40339,-25092,2598,1960,-638,109233,184000,184500,183500,279,8,4,1561,7223,133,146
111600,03473K,184500,5,5000,-2.64,61.62,65461,40339,-25122,2599,1960,-639,109263,184500,184500,184500,30,1,0,1557,7198,30,0
111600,03473K,184000,5,5500,-2.9,61.61,65474,40339,-25135,2602,1960,-642,109276,184500,184500,184000,43,4,0,1337,7265,43,0
111700,03473K,184000,5,5500,-2.9,61.61,65478,40339,-25139,2604,1960,-644,109280,184000,184000,184000,4,2,0,1337,7137,4,0
111700,03473K,184500,5,5000,-2.64,61.6,65499,40346,-25153,2606,1963,-643,109308,184000,185000,184000,32,4,3,1558,6841,25,7
111800,03473K,184500,5,5000,-2.64,61.47,65631,40346,-25285,2610,1963,-647,109440,184500,184500,184500,132,4,0,1531,7046,132,0
111800,03473K,184500,5,5000,-2.64,61.47,65652,40355,-25297,2612,1964,-648,109470,184500,184500,184500,162,6,1,1543,7045,153,9
111900,03473K,184500,5,5000,-2.64,61.47,65652,40357,-25295,2612,1965,-647,109472,184500,184500,184500,0,0,0,1339,7717,0,0
111900,03473K,184500,5,5000,-2.64,61.62,65659,40461,-25198,2614,1969,-645,109583,184500,184500,184000,111,2,4,1345,8014,7,104
112000,03473K,185000,5,4500,-2.37,61.78,65674,40572,-25102,2616,1976,-640,109709,185000,185000,184500,119,1,6,1504,7401,10,109
112000,03473K,185000,5,4500,-2.37,62.33,65676,40933,-24743,2617,1983,-634,110072,185000,185000,184500,482,2,13,1148,7495,12,470
112100,03473K,184500,5,5000,-2.64,62.43,65865,41120,-24745,2621,1987,-634,110448,185000,185000,184500,376,4,4,1317,7473,189,187
112100,03473K,184000,5,5500,-2.9,62.23,66080,41120,-24960,2624,1987,-637,110663,185000,185000,184000,591,7,4,1553,7262,404,187
112200,03473K,184000,5,5500,-2.9,62.22,66166,41168,-24998,2627,1988,-639,110797,184000,184500,184000,134,3,1,1301,7890,86,48
112300,03473K,184000,5,5500,-2.9,62.19,66194,41169,-25025,2628,1989,-639,110826,184000,184000,184000,0,0,0,1450,7916,0,0
112300,03473K,184500,5,5000,-2.64,62.24,66229,41223,-25006,2629,1991,-638,110915,184000,184500,184000,89,1,2,1429,9180,35,54
112400,03473K,184500,5,5000,-2.64,62.25,66229,41227,-25002,2629,1992,-637,110919,184500,184500,184500,0,0,0,1879,9204,0,0
112400,03473K,184500,5,5000,-2.64,62.18,66361,41266,-25095,2631,1997,-634,111090,184500,184500,184500,171,2,5,1886,9272,132,39
112500,03473K,185000,5,4500,-2.37,62.13,66423,41267,-25156,2635,1998,-637,111153,185000,185000,185000,0,0,0,1717,8547,0,0
112500,03473K,185000,5,4500,-2.37,62.13,66423,41267,-25156,2635,1998,-637,111153,185000,185000,185000,0,0,0,1717,8547,0,0
112600,03473K,184500,5,5000,-2.64,62.09,66466,41267,-25199,2640,1998,-642,111196,184500,184500,184500,0,0,0,2553,8316,0,0
112600,03473K,184000,5,5500,-2.9,62.05,66510,41267,-25243,2644,1998,-646,111240,184500,184500,184000,44,4,0,1342,8980,44,0
112700,03473K,184000,5,5500,-2.9,62.03,66534,41268,-25266,2648,1999,-649,111265,184000,184000,184000,0,0,0,1676,8304,0,0
112700,03473K,184500,5,5000,-2.64,61.98,66579,41268,-25311,2651,1999,-652,111310,184500,184500,184500,45,3,0,1720,8373,45,0
112800,03473K,184000,5,5500,-2.9,61.98,66588,41268,-25320,2654,1999,-655,111319,184000,184000,184000,0,0,0,1419,9041,0,0
112800,03473K,184500,5,5000,-2.64,62.02,66607,41312,-25295,2657,2004,-653,111382,184500,184500,184000,63,3,5,2197,8375,19,44
112900,03473K,184500,5,5000,-2.64,62.02,66609,41312,-25297,2658,2004,-654,111384,184500,184500,184500,0,0,0,1706,8377,0,0
112900,03473K,184500,5,5000,-2.64,62.02,66614,41317,-25297,2659,2005,-654,111394,184500,184500,184500,10,1,1,1503,8212,5,5
113000,03473K,184500,5,5000,-2.64,62.01,66654,41335,-25319,2660,2006,-654,111452,184500,184500,184500,0,0,0,1498,8172,0,0
113000,03473K,184500,5,5000,-2.64,62.03,66654,41343,-25311,2660,2009,-651,111460,184500,184500,184500,8,0,3,1459,8189,0,8
113100,03473K,184500,5,5000,-2.64,61.99,66699,41344,-25355,2662,2010,-652,111506,184500,184500,184500,0,0,0,1479,8154,0,0
113100,03473K,184500,5,5000,-2.64,62.0,66702,41356,-25346,2663,2012,-651,111521,184500,184500,184500,15,1,2,1499,8136,3,12
113200,03473K,184500,5,5000,-2.64,62.0,66702,41357,-25345,2663,2013,-650,111522,184500,184500,184500,0,0,0,1489,8134,0,0
113200,03473K,184500,5,5000,-2.64,62.02,66702,41369,-25333,2663,2015,-648,111534,184500,184500,184500,12,0,2,1497,8166,0,12
113300,03473K,184500,5,5000,-2.64,61.99,66737,41369,-25368,2666,2015,-651,111569,184500,184500,184500,26,2,0,1717,7660,26,0
113300,03473K,185000,5,4500,-2.37,61.96,66770,41373,-25397,2669,2018,-651,111606,184500,185000,184500,63,5,3,1717,7663,59,4
113400,03473K,185000,5,4500,-2.37,61.99,66770,41390,-25380,2669,2020,-649,111623,185000,185000,185000,0,0,0,1716,7657,0,0
113400,03473K,185000,5,4500,-2.37,62.06,66832,41476,-25356,2671,2024,-647,111771,185000,185000,184500,148,2,4,1689,7731,62,86
113500,03473K,184500,5,5000,-2.64,62.09,66847,41506,-25341,2673,2025,-648,111816,184500,184500,184500,2,1,0,1627,7688,2,0
113500,03473K,185000,5,4500,-2.37,62.29,66847,41637,-25210,2673,2027,-646,111947,184500,185000,184500,133,1,2,1498,7688,2,131
113600,03473K,185000,5,4500,-2.37,62.47,66847,41758,-25089,2673,2030,-643,112068,185000,185000,185000,121,0,3,1349,7692,0,121
113600,03473K,184500,5,5000,-2.64,62.41,66906,41758,-25148,2677,2030,-647,112127,185000,185000,184000,180,4,3,1347,7721,59,121
113700,03473K,184500,5,5000,-2.64,62.36,66965,41758,-25207,2680,2030,-650,112186,184500,184500,184500,0,0,0,1340,7728,0,0
113700,03473K,184500,5,5000,-2.64,62.35,66978,41758,-25220,2683,2030,-653,112199,184500,184500,184500,13,3,0,1339,7840,13,0
113800,03473K,184500,5,5000,-2.64,62.33,66996,41758,-25238,2685,2030,-655,112217,184500,184500,184500,9,1,0,1359,7823,9,0
113800,03473K,184500,5,5000,-2.64,62.32,67007,41758,-25249,2687,2030,-657,112228,184500,184500,184500,20,3,0,1361,7819,20,0
113900,03473K,185000,5,4500,-2.37,62.36,67013,41789,-25224,2688,2032,-656,112265,184500,185000,184500,37,1,2,1333,7806,6,31
113900,03473K,185000,5,4500,-2.37,62.38,67021,41808,-25213,2689,2037,-652,112292,184500,185000,184500,64,2,7,1322,7798,14,50
114000,03473K,185000,5,4500,-2.37,62.38,67021,41811,-25210,2689,2039,-650,112295,185000,185000,185000,1,0,1,1344,7575,0,1
114000,03473K,185000,5,4500,-2.37,62.41,67021,41830,-25191,2689,2041,-648,112314,185000,185000,185000,20,0,3,1341,7595,0,20
114100,03473K,185000,5,4500,-2.37,62.5,67025,41889,-25136,2690,2046,-644,112377,185000,185000,184500,63,1,5,1276,7754,4,59
114100,03473K,185000,5,4500,-2.37,62.48,67055,41894,-25161,2691,2049,-642,112412,185000,185000,184500,98,2,8,1232,7714,34,64
114200,03473K,185000,5,4500,-2.37,62.48,67055,41895,-25160,2691,2050,-641,112413,185000,185000,185000,1,0,1,1235,7725,0,1
114200,03473K,185000,5,4500,-2.37,62.49,67055,41901,-25154,2691,2053,-638,112419,185000,185000,185000,7,0,4,1264,7978,0,7
114300,03473K,185000,5,4500,-2.37,62.59,67055,41967,-25088,2691,2057,-634,112485,185000,185000,185000,66,0,4,1232,8028,0,66
114300,03473K,185000,5,4500,-2.37,62.62,67055,41989,-25066,2691,2063,-628,112507,185000,185000,185000,88,0,10,1207,8029,0,88
114400,03473K,185000,5,4500,-2.37,62.62,67056,41989,-25067,2692,2063,-629,112508,185000,185000,185000,1,1,0,2123,6235,1,0
114400,03473K,185500,5,4000,-2.11,62.69,67056,42035,-25021,2692,2068,-624,112554,185000,185500,185000,47,1,5,2119,6260,1,46
114500,03473K,186000,5,3500,-1.85,62.71,67066,42058,-25008,2694,2072,-622,112587,185500,186000,185000,33,2,4,2163,5640,10,23
114600,03473K,186000,5,3500,-1.85,62.73,67066,42071,-24995,2694,2075,-619,112600,186000,186000,186000,0,0,0,2078,5738,0,0
114600,03473K,185500,5,4000,-2.11,62.74,67079,42083,-24996,2695,2078,-617,112625,186000,186000,185500,25,1,3,2162,5764,13,12
114700,03473K,185500,5,4000,-2.11,62.7,67134,42096,-25038,2698,2080,-618,112693,185500,185500,185500,0,0,0,2161,6387,0,0
114700,03473K,185500,5,4000,-2.11,62.69,67154,42096,-25058,2699,2080,-619,112713,185500,185500,185500,20,1,0,2261,5969,20,0
114800,03473K,185500,5,4000,-2.11,62.68,67155,42096,-25059,2700,2080,-620,112714,185500,185500,185500,0,0,0,2261,5960,0,0
114800,03473K,185500,5,4000,-2.11,62.62,67234,42100,-25134,2704,2081,-623,112797,185500,185500,185000,83,4,1,2264,5988,79,4
114900,03473K,185500,5,4000,-2.11,62.62,67236,42100,-25136,2705,2081,-624,112799,185500,185500,185500,0,0,0,2204,5897,0,0
114900,03473K,185500,5,4000,-2.11,62.61,67247,42101,-25146,2707,2082,-625,112811,185500,186000,185500,12,2,1,2214,5872,11,1
115000,03473K,186000,5,3500,-1.85,62.55,67317,42109,-25208,2711,2084,-627,112889,186000,186000,186000,0,0,0,2216,5917,0,0
115000,03473K,185500,5,4000,-2.11,62.5,67397,42125,-25272,2713,2086,-627,112985,186000,186000,185500,96,2,2,2154,6478,80,16
115100,03473K,185500,5,4000,-2.11,62.51,67397,42127,-25270,2713,2087,-626,112987,185500,185500,185500,0,0,0,2139,6478,0,0
115100,03473K,185500,5,4000,-2.11,62.5,67406,42127,-25279,2718,2087,-631,112996,185500,185500,185500,9,5,0,2218,6060,9,0
115200,03473K,185500,5,4000,-2.11,62.5,67407,42127,-25280,2719,2087,-632,112997,185500,185500,185500,0,0,0,2218,6071,0,0
115200,03473K,185500,5,4000,-2.11,62.47,67452,42136,-25316,2720,2090,-630,113051,186000,186000,185500,54,1,3,2175,6597,45,9
115300,03473K,185500,5,4000,-2.11,62.47,67452,42136,-25316,2720,2090,-630,113051,185500,185500,185500,0,0,0,2175,6597,0,0
115300,03473K,185000,5,4500,-2.37,62.42,67534,42157,-25377,2721,2091,-630,113154,185500,185500,185000,103,1,1,2155,6996,82,21
115400,03473K,185500,5,4000,-2.11,62.44,67534,42166,-25368,2721,2092,-629,113163,185500,185500,185500,0,0,0,2205,6919,0,0
115400,03473K,186000,5,3500,-1.85,62.57,67534,42256,-25278,2721,2097,-624,113253,185500,186000,185500,90,0,5,2222,6357,0,90
115500,03473K,186000,5,3500,-1.85,62.64,67534,42303,-25231,2721,2102,-619,113300,186000,186000,186000,31,0,3,2205,6455,0,31
115500,03473K,186000,5,3500,-1.85,62.64,67534,42303,-25231,2721,2102,-619,113300,186000,186000,186000,31,0,3,2205,6455,0,31
115600,03473K,186000,5,3500,-1.85,62.82,67534,42425,-25109,2721,2103,-618,113422,186000,186000,186000,0,0,0,2190,6905,0,0
115600,03473K,186500,5,3000,-1.58,62.94,67567,42527,-25040,2726,2105,-621,113557,186500,186500,186000,135,5,2,2185,6212,33,102
115700,03473K,186500,5,3000,-1.58,62.95,67572,42534,-25038,2727,2108,-619,113569,186500,186500,186000,12,1,3,2230,6173,5,7
115700,03473K,186500,5,3000,-1.58,62.97,67572,42552,-25020,2727,2111,-616,113587,186500,186500,186000,30,1,6,2306,5804,5,25
115800,03473K,186500,5,3000,-1.58,62.98,67610,42579,-25031,2729,2113,-616,113652,186500,186500,186500,15,1,1,2330,5805,10,5
115800,03473K,186500,5,3000,-1.58,62.99,67636,42603,-25033,2731,2117,-614,113702,186500,187000,186500,65,3,5,2377,5451,36,29
115900,03473K,187000,5,2500,-1.32,63.2,67655,42758,-24897,2735,2126,-609,113876,186500,187000,186500,134,2,6,2295,6329,8,126
115900,03473K,187000,5,2500,-1.32,63.24,67658,42790,-24868,2737,2131,-606,113911,186500,187000,186500,169,4,11,2505,4763,11,158
120000,03473K,187500,5,2000,-1.06,63.38,67658,42882,-24776,2737,2141,-596,114003,187500,187500,187500,52,0,4,2610,5571,0,52
120000,03473K,187000,5,2500,-1.32,63.4,67658,42898,-24760,2737,2146,-591,114019,187500,187500,187000,68,0,9,2387,5712,0,68
120100,03473K,187500,5,2000,-1.06,63.43,67695,42940,-24755,2740,2150,-590,114098,186500,187500,186500,38,1,2,2372,5693,7,31
120100,03473K,187000,5,2500,-1.32,63.58,67702,43042,-24660,2743,2155,-588,114207,186500,187500,186500,147,4,7,2619,5161,14,133
120200,03473K,187000,5,2500,-1.32,63.6,67730,43078,-24652,2746,2158,-588,114271,186500,187000,186500,39,3,2,2656,5168,28,11
120200,03473K,186500,5,3000,-1.58,63.6,67735,43078,-24657,2747,2158,-589,114276,186500,187000,186500,44,4,2,2465,5839,33,11
120300,03473K,187000,5,2500,-1.32,63.62,67735,43091,-24644,2747,2160,-587,114289,187000,187000,187000,0,0,0,2477,5839,0,0
120300,03473K,186500,5,3000,-1.58,63.56,67811,43104,-24707,2752,2162,-590,114378,186500,187000,186500,89,5,2,2484,5092,76,13
120400,03473K,187000,5,2500,-1.32,63.54,67859,43116,-24743,2754,2165,-589,114438,187000,187000,187000,60,2,3,2269,5838,48,12
120400,03473K,186500,5,3000,-1.58,63.53,67897,43133,-24764,2756,2168,-588,114493,187000,187000,186500,115,4,6,2306,5791,86,29
120500,03473K,186500,5,3000,-1.58,63.5,67923,43133,-24790,2758,2168,-590,114519,186500,186500,186500,20,1,0,2316,5784,20,0
120500,03473K,186500,5,3000,-1.58,63.34,68101,43133,-24968,2761,2168,-593,114697,186500,186500,186500,198,4,0,2271,5737,198,0
120600,03473K,187000,5,2500,-1.32,63.37,68111,43160,-24951,2762,2171,-591,114734,186500,187000,186500,16,1,2,2287,5658,10,6
120600,03473K,186500,5,3000,-1.58,63.33,68167,43170,-24997,2764,2172,-592,114800,186500,187000,186500,82,3,3,2407,6110,66,16
120700,03473K,186500,5,3000,-1.58,63.34,68167,43180,-24987,2764,2173,-591,114810,186500,186500,186500,10,0,1,2390,6193,0,10
120800,03473K,186000,5,3500,-1.85,63.35,68212,43214,-24998,2766,2178,-588,114889,186500,186500,186000,11,1,1,2399,6124,7,4
120800,03473K,186000,5,3500,-1.85,63.35,68212,43214,-24998,2766,2178,-588,114889,186500,186500,186000,11,1,1,2399,6124,7,4
120900,03473K,186500,5,3000,-1.58,63.35,68214,43215,-24999,2768,2179,-589,114892,186500,186500,186500,0,0,0,2384,6121,0,0
120900,03473K,186500,5,3000,-1.58,63.37,68214,43226,-24988,2768,2183,-585,114903,186500,186500,186500,11,0,4,2834,6119,0,11
121000,03473K,186000,5,3500,-1.85,63.29,68293,43226,-25067,2771,2183,-588,114982,186000,186000,186000,0,0,0,2856,6114,0,0
121000,03473K,186000,5,3500,-1.85,63.32,68302,43247,-25055,2772,2184,-588,115012,186500,186500,186000,30,1,1,2342,6169,9,21
121100,03473K,186000,5,3500,-1.85,63.25,68382,43249,-25133,2775,2185,-590,115094,186000,186000,186000,0,0,0,2227,6811,0,0
121100,03473K,186000,5,3500,-1.85,63.27,68384,43269,-25115,2777,2188,-589,115116,186000,186500,186000,22,2,3,2502,6116,2,20
121200,03473K,186500,5,3000,-1.58,63.31,68384,43291,-25093,2777,2191,-586,115138,186500,186500,186500,0,0,0,2487,6135,0,0
121200,03473K,186000,5,3500,-1.85,63.42,68422,43395,-25027,2778,2192,-586,115280,186000,186000,186000,142,1,1,2730,6814,38,104
121300,03473K,185500,5,4000,-2.11,63.21,68680,43415,-25265,2781,2193,-588,115558,185500,185500,185500,0,0,0,2605,6717,0,0
121300,03473K,185500,5,4000,-2.11,63.21,68680,43415,-25265,2781,2193,-588,115558,185500,185500,185500,0,0,0,2605,6717,0,0
121400,03473K,185500,5,4000,-2.11,63.07,68836,43417,-25419,2787,2194,-593,115716,185500,185500,185500,0,0,0,2485,6968,0,0
121400,03473K,184500,5,5000,-2.64,62.94,69081,43480,-25601,2790,2195,-595,116024,185500,185500,184500,308,3,1,2539,6803,245,63
121500,03473K,186000,5,3500,-1.85,62.94,69081,43481,-25600,2790,2196,-594,116025,186000,186000,186000,0,0,0,2561,6702,0,0
121500,03473K,185500,5,4000,-2.11,63.01,69081,43526,-25555,2790,2202,-588,116070,185500,185500,185500,45,0,6,2505,6610,0,45
121600,03473K,185000,5,4500,-2.37,62.94,69197,43550,-25647,2794,2205,-589,116210,185500,185500,185000,115,2,1,2627,6176,101,14
121600,03473K,184500,5,5000,-2.64,62.93,69208,43551,-25657,2795,2206,-589,116222,185500,185500,184500,127,3,2,1826,8340,112,15
121700,03473K,184000,5,5500,-2.9,62.65,69516,43551,-25965,2797,2206,-591,116530,184000,184000,184000,2,1,0,1670,8407,2,0
121700,03473K,184500,5,5000,-2.64,62.93,69540,43761,-25779,2798,2210,-588,116764,184000,184500,184000,236,2,4,1641,8334,26,210
121800,03473K,184000,5,5500,-2.9,62.51,70034,43781,-26253,2804,2212,-592,117278,184000,184000,184000,487,5,0,1814,7952,487,0
121800,03473K,184000,5,5500,-2.9,62.29,70295,43787,-26508,2809,2215,-594,117545,184000,185000,183500,754,10,3,1522,7853,748,6
121900,03473K,184000,5,5500,-2.9,62.31,70303,43804,-26499,2810,2219,-591,117570,184000,184000,184000,25,1,4,1697,7861,8,17
121900,03473K,185000,5,4500,-2.37,62.28,70340,43809,-26531,2813,2221,-592,117612,184000,185000,184000,67,4,6,1852,8195,45,22
122000,03473K,184000,5,5500,-2.9,62.12,70536,43820,-26716,2819,2222,-597,117819,184000,184500,184000,207,6,1,1847,8009,196,11
122000,03473K,184000,5,5500,-2.9,62.12,70543,43822,-26721,2821,2224,-597,117828,184000,184500,184000,216,8,3,1671,7991,203,13
122100,03473K,184000,5,5500,-2.9,62.11,70560,43822,-26738,2822,2224,-598,117845,184000,184000,184000,0,0,0,1681,7999,0,0
122100,03473K,184000,5,5500,-2.9,62.06,70744,43901,-26843,2827,2226,-601,118108,184500,184500,184000,263,5,2,1657,7919,184,79
122200,03473K,184000,5,5500,-2.9,62.07,70778,43929,-26849,2830,2228,-602,118170,184000,184000,184000,37,2,2,1696,7929,9,28
122200,03473K,184000,5,5500,-2.9,62.17,70778,44006,-26772,2830,2234,-596,118247,184000,184000,184000,114,2,8,1617,7988,9,105
122300,03473K,184000,5,5500,-2.9,62.17,70817,44026,-26791,2831,2238,-593,118306,184000,184000,184000,3,0,3,1664,7987,0,3
122300,03473K,184000,5,5500,-2.9,62.23,70817,44067,-26750,2831,2242,-589,118347,184000,184000,184000,44,0,7,1635,7873,0,44
122400,03473K,184000,5,5500,-2.9,62.27,70833,44108,-26725,2832,2245,-587,118404,184000,184000,184000,40,1,1,1964,7786,16,24
122400,03473K,184000,5,5500,-2.9,62.28,70837,44114,-26723,2834,2249,-585,118414,184000,184000,183500,50,3,5,1620,7840,20,30
122500,03473K,184500,5,5000,-2.64,62.31,70842,44140,-26702,2835,2252,-583,118445,184000,184500,184000,31,1,3,2071,7844,5,26
122500,03473K,184000,5,5500,-2.9,62.23,70927,44140,-26787,2840,2252,-588,118530,184000,184500,184000,116,6,3,2070,7815,90,26
122600,03473K,184000,5,5500,-2.9,62.19,70998,44154,-26844,2841,2255,-586,118615,184000,184000,184000,14,0,3,1523,7843,0,14
122600,03473K,184000,5,5500,-2.9,62.28,71038,44243,-26795,2845,2259,-586,118744,184000,184000,184000,143,4,7,1521,7782,40,103
122700,03473K,184000,5,5500,-2.9,62.28,71039,44244,-26795,2846,2260,-586,118746,184000,184000,184000,2,1,1,1847,7685,1,1
122800,03473K,184000,5,5500,-2.9,62.27,71082,44265,-26817,2848,2264,-584,118810,184000,184000,184000,0,0,0,1606,7812,0,0
122800,03473K,183500,5,6000,-3.17,61.97,71496,44304,-27192,2852,2265,-587,119263,184000,184000,183500,453,4,1,1571,7418,414,39
122900,03473K,183500,5,6000,-3.17,61.7,71807,44304,-27503,2861,2265,-596,119574,183500,183500,183500,10,1,0,1461,7125,10,0
122900,03473K,183500,5,6000,-3.17,61.54,71993,44304,-27689,2864,2265,-599,119760,183500,183500,183500,196,4,0,1461,6991,196,0
123000,03473K,184000,5,5500,-2.9,61.55,71993,44309,-27684,2864,2268,-596,119765,184000,184000,184000,0,0,0,1464,7075,0,0
123000,03473K,183000,5,6500,-3.43,61.19,72414,44309,-28105,2868,2268,-600,120186,183500,183500,183000,421,4,0,1182,7120,421,0
123100,03473K,182500,5,7000,-3.69,60.08,73753,44309,-29444,2871,2268,-603,121525,182500,182500,182500,28,1,0,1087,6765,28,0
123100,03473K,182500,5,7000,-3.69,59.78,74351,44445,-29906,2878,2275,-603,122259,182500,183000,182500,762,8,7,1120,6174,626,136
123200,03473K,183000,5,6500,-3.43,59.78,74351,44446,-29905,2878,2276,-602,122260,183000,183000,183000,0,0,0,1080,6298,0,0
123200,03473K,182500,5,7000,-3.69,59.73,74535,44521,-30014,2881,2280,-601,122519,182500,182500,182500,259,3,4,1106,7709,184,75
123300,03473K,184000,5,5500,-2.9,59.58,74734,44527,-30207,2887,2282,-605,122724,183000,184000,183000,6,0,2,1163,6357,0,6
123300,03473K,182500,5,7000,-3.69,59.52,74809,44527,-30282,2891,2282,-609,122799,183000,184000,182500,81,4,2,1268,6405,75,6
123400,03473K,182500,5,7000,-3.69,59.5,74840,44527,-30313,2893,2282,-611,122830,182500,182500,182500,20,1,0,1113,6368,20,0
123400,03473K,183000,5,6500,-3.43,59.38,74988,44528,-30460,2898,2283,-615,122979,182500,183000,182500,169,6,1,1247,6260,168,1
123500,03473K,182000,5,7500,-3.96,59.34,75039,44528,-30511,2901,2283,-618,123030,182000,182000,182000,0,0,0,1246,6266,0,0
123500,03473K,182500,5,7000,-3.69,59.3,75125,44549,-30576,2903,2285,-618,123137,182500,182500,182500,107,2,2,1229,7968,86,21
123600,03473K,182500,5,7000,-3.69,59.28,75154,44550,-30604,2906,2286,-620,123167,182500,182500,182500,3,1,0,1464,6558,3,0
123600,03473K,182500,5,7000,-3.69,59.2,75254,44550,-30704,2907,2286,-621,123267,182500,182500,182500,103,2,0,1465,6669,103,0
123700,03473K,182000,5,7500,-3.96,58.59,76129,44601,-31528,2913,2293,-620,124193,182000,182000,182000,795,2,4,1460,7293,747,48
123700,03473K,182500,5,7000,-3.69,58.65,76305,44754,-31551,2915,2296,-619,124522,182000,182500,182000,1124,4,7,1362,7441,923,201
123800,03473K,181500,5,8000,-4.22,58.22,76908,44774,-32134,2928,2298,-630,125145,182000,182000,181500,508,10,0,1460,7015,508,0
123800,03473K,181500,5,8000,-4.22,58.16,77021,44792,-32229,2935,2299,-636,125276,182000,182000,181500,639,17,1,1526,7190,621,18
123900,03473K,181500,5,8000,-4.22,58.1,77096,44792,-32304,2938,2299,-639,125351,182000,182000,181500,70,2,0,1516,7436,70,0
123900,03473K,181500,5,8000,-4.22,58.07,77138,44792,-32346,2941,2299,-642,125393,182000,182000,181500,112,5,0,1448,7438,112,0
124000,03473K,182000,5,7500,-3.96,57.99,77248,44794,-32454,2943,2300,-643,125505,181500,182000,181500,52,1,1,1399,7362,50,2
124000,03473K,182000,5,7500,-3.96,58.01,77280,44831,-32449,2945,2301,-644,125574,181500,182000,181500,121,3,2,1500,7516,82,39
124100,03473K,181500,5,8000,-4.22,57.99,77350,44853,-32497,2948,2304,-644,125666,182000,182000,181500,78,3,2,1665,7563,70,8
124100,03473K,182000,5,7500,-3.96,57.99,77353,44857,-32496,2949,2308,-641,125673,182000,182000,181500,85,4,6,1635,7521,73,12
124200,03473K,182000,5,7500,-3.96,58.28,77365,45090,-32275,2952,2320,-632,125918,182000,182000,181500,161,3,8,1703,7581,12,149
124200,03473K,182000,5,7500,-3.96,58.2,77478,45090,-32388,2954,2320,-634,126031,182000,182000,181500,274,5,8,1703,7623,125,149
124300,03473K,181500,5,8000,-4.22,58.05,77682,45093,-32589,2960,2321,-639,126238,182000,182000,181500,168,5,0,1653,7408,168,0
124300,03473K,182000,5,7500,-3.96,58.15,77692,45178,-32514,2961,2330,-631,126333,182000,182500,181500,263,6,9,1568,7580,178,85
124400,03473K,183000,5,6500,-3.43,58.25,77692,45253,-32439,2961,2336,-625,126408,182500,183000,182500,68,0,4,1744,6417,0,68
124400,03473K,183500,5,6000,-3.17,58.26,77692,45262,-32430,2961,2339,-622,126417,182500,183500,182500,77,0,7,1885,5633,0,77
124500,03473K,183000,5,6500,-3.43,58.22,77753,45269,-32484,2963,2341,-622,126485,183000,183000,183000,63,2,1,1777,6584,61,2
124500,03473K,183000,5,6500,-3.43,58.25,77754,45289,-32465,2964,2344,-620,126506,183000,183000,183000,84,3,4,1768,6533,62,22
124600,03473K,183000,5,6500,-3.43,58.2,77823,45291,-32532,2965,2345,-620,126577,183000,183000,183000,71,1,1,1785,6608,69,2
124600,03473K,183000,5,6500,-3.43,58.23,77823,45320,-32503,2965,2350,-615,126606,183000,183000,183000,100,1,6,1758,6608,69,31
124700,03473K,183000,5,6500,-3.43,58.22,77845,45320,-32525,2967,2350,-617,126628,183000,183000,183000,22,2,0,1851,5802,22,0
124800,03473K,183500,5,6000,-3.17,58.19,77904,45333,-32571,2969,2351,-618,126700,183500,183500,183500,0,0,0,1850,5864,0,0
124800,03473K,183000,5,6500,-3.43,58.17,77932,45333,-32599,2971,2351,-620,126728,183000,183000,183000,28,2,0,1862,5763,28,0
124900,03473K,183500,5,6000,-3.17,58.16,77955,45337,-32618,2973,2354,-619,126755,183500,183500,183500,0,0,0,1860,5867,0,0
124900,03473K,182000,5,7500,-3.96,57.69,78589,45337,-33252,2979,2354,-625,127389,183000,183000,182000,634,6,0,1759,6730,634,0
125000,03473K,182000,5,7500,-3.96,57.51,78829,45337,-33492,2984,2354,-630,127629,182000,182000,182000,0,0,0,1749,7580,0,0
125000,03473K,182500,5,7000,-3.69,57.56,78872,45400,-33472,2986,2359,-627,127735,182000,182500,182000,106,2,5,3386,6500,43,63
125100,03473K,182500,5,7000,-3.69,57.62,78885,45451,-33434,2988,2364,-624,127799,182500,182500,182500,44,0,3,2793,7953,0,44
125100,03473K,182500,5,7000,-3.69,57.65,78893,45484,-33409,2989,2366,-623,127840,182500,183000,182500,85,1,5,2963,6519,8,77
125200,03473K,182500,5,7000,-3.69,57.69,78990,45569,-33421,2994,2369,-625,128022,182500,182500,182500,62,1,1,2934,6583,20,42
125200,03473K,182000,5,7500,-3.96,57.49,79266,45569,-33697,2998,2369,-629,128298,182500,182500,182000,338,5,1,2934,7737,296,42
125300,03473K,182500,5,7000,-3.69,57.46,79309,45570,-33739,3003,2370,-633,128342,182500,182500,182000,12,2,1,2699,8002,11,1
125300,03473K,182000,5,7500,-3.96,57.46,79334,45586,-33748,3007,2371,-636,128383,182500,182500,182000,53,6,2,2890,8249,36,17
125400,03473K,182000,5,7500,-3.96,57.38,79441,45586,-33855,3011,2371,-640,128490,182000,182000,182000,10,1,0,2900,7953,10,0
125400,03473K,182000,5,7500,-3.96,57.37,79453,45586,-33867,3014,2371,-643,128502,182000,182000,182000,22,4,0,2120,8062,22,0
125500,03473K,183000,5,6500,-3.43,57.35,79495,45587,-33908,3018,2372,-646,128545,182500,183000,182500,3,1,1,2109,6725,2,1
125500,03473K,182500,5,7000,-3.69,57.28,79593,45588,-34005,3022,2373,-649,128644,182500,183000,182500,102,5,2,2107,6726,100,2
125600,03473K,183000,5,6500,-3.43,57.27,79651,45619,-34032,3026,2378,-648,128733,183000,183000,183000,1,0,1,2097,8101,0,1
125600,03473K,182500,5,7000,-3.69,57.15,79832,45623,-34209,3029,2380,-649,128918,183000,183000,182000,186,3,3,2076,6944,181,5
125700,03473K,182500,5,7000,-3.69,57.17,79863,45659,-34204,3032,2385,-647,128985,182500,182500,182500,35,1,3,2132,7035,5,30
125700,03473K,183000,5,6500,-3.43,57.19,79887,45686,-34201,3033,2388,-645,129036,182500,183000,182500,86,2,6,1959,8420,29,57
125800,03473K,183000,5,6500,-3.43,57.19,79887,45686,-34201,3033,2388,-645,129036,183000,183000,183000,0,0,0,1959,8420,0,0
125800,03473K,182500,5,7000,-3.69,57.26,79925,45768,-34157,3037,2394,-643,129156,182500,183000,182500,120,4,6,2256,7123,38,82
125900,03473K,182500,5,7000,-3.69,57.27,79975,45803,-34172,3038,2402,-636,129241,182000,182500,182000,65,1,4,2118,8447,50,15
125900,03473K,183000,5,6500,-3.43,57.34,79975,45861,-34114,3038,2408,-630,129299,182000,183000,182000,123,1,10,2262,7066,50,73
130000,03473K,183000,5,6500,-3.43,57.35,79975,45862,-34113,3038,2409,-629,129300,183000,183000,183000,0,0,0,2258,7085,0,0
130000,03473K,182500,5,7000,-3.69,57.36,80043,45912,-34131,3043,2410,-633,129418,182500,183000,182500,118,5,1,2207,7104,68,50
130100,03473K,182500,5,7000,-3.69,57.34,80066,45912,-34154,3046,2410,-636,129441,182500,182500,182500,5,1,0,2207,7091,5,0
130100,03473K,182500,5,7000,-3.69,57.29,80139,45912,-34227,3049,2410,-639,129514,182500,182500,182500,78,4,0,1952,7151,78,0
130200,03473K,182500,5,7000,-3.69,57.18,80317,45923,-34394,3053,2411,-642,129703,182500,182500,182500,21,2,1,1765,8411,10,11
130200,03473K,182000,5,7500,-3.96,57.02,80560,45936,-34624,3059,2413,-646,129959,182500,182500,182000,277,8,3,2173,8239,253,24
130300,03473K,182000,5,7500,-3.96,57.01,80574,45936,-34638,3061,2413,-648,129973,182000,182000,182000,14,2,0,2360,8234,14,0
130300,03473K,181500,5,8000,-4.22,56.32,81557,45936,-35621,3073,2413,-660,130956,182000,182000,181500,997,14,0,2146,7324,997,0
130400,03473K,181000,5,8500,-4.49,56.25,81792,46009,-35783,3084,2418,-666,131264,181000,181500,181000,306,11,3,1686,7374,235,71
130400,03473K,182000,5,7500,-3.96,56.18,81915,46020,-35895,3090,2421,-669,131398,181000,182000,181000,440,17,6,1796,7268,358,82
130500,03473K,181500,5,8000,-4.22,56.28,81992,46149,-35843,3092,2422,-670,131604,182000,182000,181500,206,2,1,1898,7318,77,129
130600,03473K,181500,5,8000,-4.22,56.28,81998,46149,-35849,3094,2422,-672,131610,181500,181500,181500,0,0,0,1958,7260,0,0
130600,03473K,181500,5,8000,-4.22,56.28,82003,46150,-35853,3095,2423,-672,131616,182000,182000,181500,6,1,1,1957,7417,5,1
130700,03473K,182000,5,7500,-3.96,56.42,82073,46302,-35771,3096,2425,-671,131838,182000,182000,182000,147,0,1,1998,7550,0,147
130700,03473K,182500,5,7000,-3.69,56.39,82123,46312,-35811,3098,2430,-668,131898,182000,182500,181500,207,2,6,2193,7530,50,157
130800,03473K,182500,5,7000,-3.69,56.4,82123,46315,-35808,3098,2433,-665,131901,182500,182500,182500,1,0,1,2156,7589,0,1
130800,03473K,181500,5,8000,-4.22,56.36,82201,46330,-35871,3101,2437,-664,131994,182500,182500,181500,94,3,5,1967,7504,78,16
130900,03473K,181500,5,8000,-4.22,56.25,82359,46331,-36028,3105,2438,-667,132153,181500,181500,181500,64,1,0,1949,7476,64,0
130900,03473K,181500,5,8000,-4.22,56.23,82401,46336,-36065,3107,2440,-667,132200,181500,182000,181500,111,3,2,1946,7383,106,5
131000,03473K,182000,5,7500,-3.96,56.37,82407,46450,-35957,3110,2447,-663,132320,182000,182000,182000,109,0,4,1858,7378,0,109
131000,03473K,182000,5,7500,-3.96,56.37,82450,46475,-35975,3114,2449,-665,132388,182000,182500,181500,177,4,6,2043,7428,43,134
131100,03473K,182000,5,7500,-3.96,56.37,82451,46475,-35976,3115,2449,-666,132389,182000,182000,182000,0,0,0,2043,7408,0,0
131100,03473K,182000,5,7500,-3.96,56.31,82536,46475,-36061,3119,2449,-670,132474,182000,182000,182000,85,4,0,2045,7434,85,0
131200,03473K,182000,5,7500,-3.96,56.31,82537,46476,-36061,3120,2450,-670,132476,182000,182000,182000,0,0,0,2045,7423,0,0
131200,03473K,182000,5,7500,-3.96,56.36,82600,46553,-36047,3122,2453,-669,132668,182500,183000,181500,192,2,3,2176,7567,63,77
131300,03473K,182000,5,7500,-3.96,56.34,82631,46553,-36078,3123,2453,-670,132699,182000,182000,182000,0,0,0,2186,7598,0,0
131300,03473K,182000,5,7500,-3.96,56.32,82663,46557,-36106,3129,2455,-674,132735,182000,182000,181500,36,6,2,1687,7693,32,4
131400,03473K,182000,5,7500,-3.96,56.32,82663,46558,-36105,3129,2456,-673,132736,182000,182000,182000,0,0,0,1686,7703,0,0
131400,03473K,182000,5,7500,-3.96,56.26,82748,46558,-36190,3131,2456,-675,132821,182000,182000,182000,85,2,0,2033,7690,85,0
131500,03473K,182500,5,7000,-3.69,56.27,82752,46563,-36189,3133,2458,-675,132830,182500,182500,182500,3,0,1,2031,7675,0,3
131500,03473K,182000,5,7500,-3.96,56.29,82764,46590,-36174,3134,2459,-675,132869,182500,182500,182000,42,1,2,2009,7754,12,30
131600,03473K,182000,5,7500,-3.96,56.28,82777,46590,-36187,3136,2459,-677,132882,182000,182000,182000,13,2,0,2065,7741,13,0
131600,03473K,182000,5,7500,-3.96,56.28,82797,46600,-36197,3137,2461,-676,132912,182000,182500,182000,43,3,2,2050,7790,33,10
131700,03473K,182000,5,7500,-3.96,56.2,82940,46615,-36325,3141,2463,-678,133070,182000,182500,182000,89,3,1,2045,7774,79,10
131700,03473K,182000,5,7500,-3.96,56.2,82950,46615,-36335,3142,2463,-679,133080,182000,182500,182000,99,4,1,2076,7748,89,10
131800,03473K,182000,5,7500,-3.96,56.2,82958,46624,-36334,3144,2464,-680,133097,182000,182500,182000,17,2,1,2967,7767,8,9
131800,03473K,182000,5,7500,-3.96,56.2,82963,46624,-36339,3145,2464,-681,133102,182000,182500,182000,22,3,1,2962,7811,13,9
131900,03473K,182500,5,7000,-3.69,56.21,82968,46634,-36334,3146,2465,-681,133117,182000,182500,182000,15,1,1,3232,7841,5,10
131900,03473K,182500,5,7000,-3.69,56.21,82968,46634,-36334,3146,2465,-681,133117,182000,182500,182000,15,1,1,3232,7841,5,10
132000,03473K,182500,5,7000,-3.69,56.19,83001,46640,-36361,3149,2467,-682,133156,182000,182500,182000,30,2,1,3242,7811,25,5
132000,03473K,182000,5,7500,-3.96,56.19,83082,46683,-36399,3151,2469,-682,133280,182000,182500,182000,154,4,3,3196,7779,106,48
132100,03473K,181500,5,8000,-4.22,56.16,83143,46695,-36448,3153,2472,-681,133353,182000,182000,181500,73,2,3,2585,7720,61,12
132100,03473K,181500,5,8000,-4.22,55.98,83416,46695,-36721,3159,2472,-687,133626,182000,182000,181500,346,8,3,2952,7431,334,12
132200,03473K,181500,5,8000,-4.22,55.96,83463,46710,-36753,3162,2475,-687,133688,181500,181500,181500,44,2,3,2537,7473,29,15
132300,03473K,181000,5,8500,-4.49,55.94,83499,46711,-36788,3165,2476,-689,133725,181000,181000,181000,0,0,0,2724,7359,0,0
132300,03473K,181000,5,8500,-4.49,55.92,83530,46711,-36819,3166,2476,-690,133756,181000,181000,181000,31,1,0,2724,7456,31,0
132400,03473K,182000,5,7500,-3.96,55.84,83655,46717,-36938,3168,2477,-691,133887,182000,182000,182000,6,0,1,2722,7627,0,6
132400,03473K,181500,5,8000,-4.22,55.93,83660,46788,-36872,3169,2478,-691,133963,182000,182000,181500,82,1,2,2645,7684,5,77
132500,03473K,182000,5,7500,-3.96,55.99,83683,46851,-36832,3170,2481,-689,134049,182000,182000,182000,0,0,0,2970,7733,0,0
132500,03473K,182000,5,7500,-3.96,56.03,83683,46889,-36794,3170,2484,-686,134087,182000,182000,182000,38,0,3,2711,7790,0,38
132600,03473K,182000,5,7500,-3.96,56.04,83683,46899,-36784,3170,2485,-685,134097,182000,182000,182000,0,0,0,2806,7806,0,0
132600,03473K,182000,5,7500,-3.96,56.07,83683,46925,-36758,3170,2488,-682,134123,182000,182000,182000,26,0,3,3421,7760,0,26
132700,03473K,181500,5,8000,-4.22,56.05,83724,46925,-36799,3173,2488,-685,134164,181500,181500,181500,28,1,0,2770,7769,28,0
132700,03473K,182000,5,7500,-3.96,56.07,83725,46943,-36782,3174,2489,-685,134183,181500,182000,181500,47,2,1,3396,7740,29,18
132800,03473K,182000,5,7500,-3.96,56.23,83725,47081,-36644,3174,2497,-677,134321,182000,182000,182000,51,0,2,2681,7921,0,51
132800,03473K,181500,5,8000,-4.22,56.29,83745,47139,-36606,3175,2504,-671,134399,182000,182000,181500,129,1,9,2967,7901,20,109
132900,03473K,182000,5,7500,-3.96,56.27,83786,47147,-36639,3177,2506,-671,134448,181500,182000,181500,39,1,1,2716,8075,34,5
132900,03473K,181500,5,8000,-4.22,56.22,83860,47148,-36712,3179,2507,-672,134523,181500,182000,181500,114,3,2,2752,8095,108,6
133000,03473K,181000,5,8500,-4.49,55.88,84378,47148,-37230,3183,2507,-676,135041,181500,181500,181000,68,3,0,2752,7261,68,0
133000,03473K,181000,5,8500,-4.49,55.36,85166,47148,-38018,3191,2507,-684,135829,181500,181500,181000,856,11,0,2629,6902,856,0
133100,03473K,181000,5,8500,-4.49,55.34,85209,47158,-38051,3192,2508,-684,135882,181000,181000,181000,0,0,0,2764,6888,0,0
133100,03473K,181500,5,8000,-4.22,55.48,85228,47281,-37947,3194,2511,-683,136024,182000,182000,181500,142,2,3,2641,6855,19,123
133200,03473K,181500,5,8000,-4.22,55.51,85232,47310,-37922,3195,2512,-683,136057,181500,181500,181500,0,0,0,2641,6924,0,0
133200,03473K,181500,5,8000,-4.22,55.51,85232,47310,-37922,3195,2512,-683,136057,181500,181500,181500,0,0,0,2641,6924,0,0
133300,03473K,181500,5,8000,-4.22,55.41,85383,47310,-38073,3200,2512,-688,136208,181500,181500,181500,35,3,0,2746,6885,35,0
133300,03473K,182000,5,7500,-3.96,55.44,85383,47337,-38046,3200,2515,-685,136240,181500,182000,181500,67,3,3,2846,6851,35,27
133400,03473K,181500,5,8000,-4.22,55.46,85383,47354,-38029,3200,2518,-682,136257,181500,181500,181500,7,0,2,2810,7070,0,7
133400,03473K,181500,5,8000,-4.22,55.52,85395,47411,-37984,3202,2522,-680,136326,181500,181500,181000,76,2,6,2751,7036,12,64
133500,03473K,181500,5,8000,-4.22,55.54,85406,47437,-37969,3203,2525,-678,136363,181500,181500,181500,31,1,2,2839,6920,11,20
133500,03473K,181500,5,8000,-4.22,55.48,85519,47446,-38073,3207,2526,-681,136485,181500,181500,181000,153,5,3,2728,7024,124,29
133600,03473K,181500,5,8000,-4.22,55.53,85542,47504,-38038,3209,2527,-682,136566,181500,181500,181500,77,1,1,2800,7054,19,58
133600,03473K,181000,5,8500,-4.49,55.64,85555,47603,-37952,3211,2534,-677,136678,181500,181500,181000,189,3,8,2849,6905,32,157
133700,03473K,181000,5,8500,-4.49,55.61,85603,47606,-37997,3215,2535,-680,136729,181500,181500,181000,51,4,1,2846,7040,48,3
133700,03473K,181000,5,8500,-4.49,55.15,86315,47606,-38709,3225,2535,-690,137441,181500,181500,181000,763,14,1,2637,6349,760,3
133800,03473K,181000,5,8500,-4.49,54.99,86644,47646,-38998,3231,2537,-694,137810,181000,181000,181000,360,5,2,2417,6262,320,40
133800,03473K,181000,5,8500,-4.49,55.09,86658,47744,-38914,3233,2543,-690,137922,181000,181000,180500,472,7,8,2492,6393,334,138
133900,03473K,180500,5,9000,-4.75,54.99,86827,47744,-39083,3237,2543,-694,138091,181000,181000,180500,169,4,0,2510,6558,169,0
134000,03473K,180000,5,9500,-5.01,54.33,88026,47825,-40201,3251,2548,-703,139371,180000,180000,180000,0,0,0,2392,5637,0,0
134000,03473K,180500,5,9000,-4.75,54.28,88123,47831,-40292,3258,2552,-706,139474,180000,180500,180000,103,7,4,2464,5819,97,6
134100,03473K,180000,5,9500,-5.01,54.07,88502,47854,-40648,3263,2554,-709,139876,180000,180000,180000,125,2,0,2734,5862,125,0
134100,03473K,180500,5,9000,-4.75,54.12,88502,47899,-40603,3263,2561,-702,139921,180000,180500,180000,170,2,7,2526,5764,125,45
134200,03473K,180500,5,9000,-4.75,54.41,88688,48254,-40434,3267,2566,-701,140462,180500,180500,180500,83,2,0,2424,5694,83,0
134200,03473K,180500,5,9000,-4.75,54.6,88694,48427,-40267,3269,2574,-695,140641,180500,181000,180500,262,4,8,2091,5918,89,173
134300,03473K,180000,5,9500,-5.01,54.62,88699,48443,-40256,3270,2579,-691,140662,180000,180000,180000,0,0,0,2227,5962,0,0
134300,03473K,180000,5,9500,-5.01,54.48,88917,48443,-40474,3280,2579,-701,140880,180000,180000,180000,218,10,0,2215,5766,218,0
134400,03473K,180000,5,9500,-5.01,54.46,88974,48453,-40521,3283,2581,-702,140947,180000,180000,180000,50,1,0,2263,6483,50,0
134400,03473K,179500,5,10000,-5.28,53.98,89789,48467,-41322,3290,2582,-708,141776,180000,180000,179500,879,8,1,2581,6661,865,14
134500,03473K,180000,5,9500,-5.01,53.89,90547,48795,-41752,3302,2586,-716,142862,179500,180000,179500,190,2,3,2794,5522,14,176
134500,03473K,180000,5,9500,-5.01,53.88,90640,48836,-41804,3308,2590,-718,142996,179500,180000,179500,324,8,7,2794,5662,107,217
134600,03473K,180000,5,9500,-5.01,53.87,90691,48851,-41840,3313,2591,-722,143062,180000,180000,180000,1,1,0,2779,5765,1,0
134600,03473K,179500,5,10000,-5.28,53.69,90984,48851,-42133,3323,2591,-732,143355,180000,180000,179500,294,11,0,2858,5726,294,0
134700,03473K,180000,5,9500,-5.01,53.66,91085,48879,-42206,3326,2595,-731,143484,180000,180000,179500,66,2,1,1315,6663,56,10
134700,03473K,180000,5,9500,-5.01,53.73,91190,48994,-42196,3331,2603,-728,143704,180000,180000,179500,286,7,9,2603,5847,161,125
134800,03473K,180500,5,9000,-4.75,53.88,91195,49133,-42062,3332,2611,-721,143848,180500,180500,180500,91,0,5,2221,5949,0,91
134800,03473K,180500,5,9000,-4.75,54.08,91195,49316,-41879,3332,2619,-713,144031,180500,180500,180500,274,0,13,1916,5493,0,274
134900,03473K,180500,5,9000,-4.75,54.08,91195,49316,-41879,3332,2619,-713,144031,180500,180500,180500,0,0,0,1916,5493,0,0
134900,03473K,180000,5,9500,-5.01,54.08,91217,49328,-41889,3334,2621,-713,144065,181000,181000,180000,34,2,2,2295,5057,22,12
135000,03473K,180000,5,9500,-5.01,54.11,91334,49418,-41916,3337,2625,-712,144272,181000,181000,180000,119,3,2,1989,5419,117,2
135000,03473K,181000,5,8500,-4.49,54.13,91345,49447,-41898,3338,2627,-711,144312,181000,181000,180000,159,4,4,2318,5301,128,31
135100,03473K,181000,5,8500,-4.49,54.07,91471,49459,-42012,3339,2629,-710,144450,181000,181000,181000,126,1,0,2429,5213,126,0
135100,03473K,182000,5,7500,-3.96,54.07,91486,49464,-42022,3343,2632,-711,144470,181000,182000,181000,146,5,3,2491,4718,141,5
135200,03473K,182000,5,7500,-3.96,54.1,91486,49494,-41992,3343,2636,-707,144500,182000,182000,182000,30,0,4,2608,5121,0,30
135200,03473K,181500,5,8000,-4.22,54.1,91497,49500,-41997,3344,2638,-706,144517,182000,182000,181500,47,1,6,2588,5155,11,36
135300,03473K,181500,5,8000,-4.22,54.1,91499,49501,-41998,3345,2639,-706,144520,182000,182000,181500,3,1,1,2587,5027,2,1
135300,03473K,181500,5,8000,-4.22,54.07,91547,49503,-42044,3347,2640,-707,144570,182000,182000,181500,53,3,2,2379,5351,50,3
135400,03473K,181500,5,8000,-4.22,54.03,91628,49503,-42125,3351,2640,-711,144651,181500,181500,181500,81,4,0,2411,5264,81,0
135400,03473K,182000,5,7500,-3.96,54.07,91645,49549,-42096,3353,2642,-711,144714,181500,182000,181500,144,6,2,2429,5242,98,46
135500,03473K,181500,5,8000,-4.22,54.06,91649,49549,-42100,3355,2642,-713,144718,181500,181500,181500,4,2,0,2413,5245,4,0
135500,03473K,182000,5,7500,-3.96,54.05,91677,49554,-42123,3359,2643,-716,144751,181500,182000,181500,37,6,1,2432,5260,32,5
135600,03473K,181500,5,8000,-4.22,54.13,91691,49634,-42057,3360,2645,-715,144845,181500,181500,181500,94,1,2,2404,5589,14,80
135700,03473K,181000,5,8500,-4.49,54.11,91731,49634,-42097,3365,2645,-720,144885,181000,181000,181000,0,0,0,2487,5584,0,0
135700,03473K,180500,5,9000,-4.75,53.73,92370,49634,-42736,3369,2645,-724,145524,181000,181000,180500,639,4,0,2370,5355,639,0
135800,03473K,180500,5,9000,-4.75,53.73,92370,49634,-42736,3369,2645,-724,145524,180500,180500,180500,0,0,0,2370,5355,0,0
135800,03473K,181500,5,8000,-4.22,53.65,92575,49666,-42909,3373,2647,-726,145761,181000,182000,181000,237,4,2,2962,5990,205,32
135900,03473K,180500,5,9000,-4.75,53.35,93094,49666,-43428,3378,2647,-731,146280,180500,180500,180500,59,1,0,2853,5931,59,0
135900,03473K,181000,5,8500,-4.49,53.33,93139,49667,-43472,3379,2648,-731,146326,180500,181000,180500,105,2,1,2809,5579,104,1
140000,03473K,180500,5,9000,-4.75,53.29,93197,49668,-43529,3381,2649,-732,146385,180500,180500,180500,58,2,0,2879,5635,58,0
140000,03473K,181000,5,8500,-4.49,53.31,93197,49686,-43511,3381,2650,-731,146403,180500,181000,180500,76,2,1,2884,5844,58,18
140100,03473K,181000,5,8500,-4.49,53.36,93198,49732,-43466,3382,2652,-730,146450,181000,181000,181000,1,1,0,2866,5877,1,0
140100,03473K,181000,5,8500,-4.49,53.35,93212,49732,-43480,3385,2652,-733,146464,181000,181000,181000,15,4,0,2866,5841,15,0
140200,03473K,181000,5,8500,-4.49,53.34,93228,49732,-43496,3387,2652,-735,146480,181000,181000,181000,6,1,0,2880,5836,6,0
140200,03473K,181000,5,8500,-4.49,53.34,93241,49732,-43509,3389,2652,-737,146493,181000,181000,181000,19,3,0,2880,5836,19,0
140300,03473K,181000,5,8500,-4.49,53.34,93273,49752,-43521,3390,2655,-735,146545,181000,181000,181000,32,1,0,2891,5859,32,0
140300,03473K,181000,5,8500,-4.49,53.34,93278,49752,-43526,3391,2655,-736,146550,181000,181000,181000,37,2,0,2894,5827,37,0
140400,03473K,181000,5,8500,-4.49,53.34,93298,49769,-43529,3392,2656,-736,146587,181000,181000,181000,0,0,0,2874,5857,0,0
140400,03473K,181000,5,8500,-4.49,53.33,93321,49769,-43552,3394,2656,-738,146610,181000,181000,181000,23,2,0,2876,5846,23,0
140500,03473K,181000,5,8500,-4.49,53.33,93322,49769,-43553,3395,2656,-739,146611,181000,181000,181000,0,0,0,2864,5833,0,0
140500,03473K,181000,5,8500,-4.49,53.33,93323,49769,-43554,3396,2656,-740,146612,181000,181000,181000,1,1,0,2900,5846,1,0
140600,03473K,181000,5,8500,-4.49,53.33,93323,49769,-43554,3396,2656,-740,146612,181000,181000,181000,0,0,0,2900,5846,0,0
140600,03473K,181500,5,8000,-4.22,53.39,93332,49830,-43502,3397,2663,-734,146682,181500,181500,181500,70,1,7,3053,5552,9,61
140700,03473K,181500,5,8000,-4.22,53.39,93333,49831,-43502,3398,2664,-734,146684,181500,181500,181500,0,0,0,3053,5542,0,0
140700,03473K,181500,5,8000,-4.22,53.39,93333,49831,-43502,3398,2664,-734,146684,181500,181500,181500,0,0,0,3053,5542,0,0
140800,03473K,181000,5,8500,-4.49,53.42,93369,49879,-43490,3402,2666,-736,146768,181500,181500,181000,63,2,2,2917,6017,15,48
140800,03473K,181000,5,8500,-4.49,53.3,93589,49879,-43710,3404,2666,-738,146988,181500,181500,181000,283,4,2,2909,5797,235,48
140900,03473K,181000,5,8500,-4.49,53.44,93596,50021,-43575,3405,2672,-733,147137,181000,181000,181000,149,1,6,2909,5603,7,142
140900,03473K,181000,5,8500,-4.49,53.44,93596,50021,-43575,3405,2672,-733,147137,181000,181000,181000,149,1,6,2909,5603,7,142
141000,03473K,181000,5,8500,-4.49,53.43,93626,50021,-43605,3407,2672,-735,147167,181000,181000,181000,30,2,0,2895,5832,30,0
141000,03473K,181500,5,8000,-4.22,53.43,93626,50028,-43598,3407,2674,-733,147174,181000,181500,181000,37,2,2,2889,5817,30,7
141100,03473K,181000,5,8500,-4.49,53.39,93695,50028,-43667,3410,2674,-736,147243,181500,181500,181000,69,3,0,2972,5560,69,0
141200,03473K,181500,5,8000,-4.22,53.39,93696,50028,-43668,3411,2674,-737,147244,181500,181500,181500,0,0,0,2972,5527,0,0
141200,03473K,181500,5,8000,-4.22,53.4,93696,50029,-43667,3411,2675,-736,147245,181500,181500,181500,1,0,1,2880,5806,0,1
141300,03473K,181500,5,8000,-4.22,53.43,93701,50060,-43641,3412,2677,-735,147281,181500,181500,181500,0,0,0,2988,5518,0,0
141300,03473K,181000,5,8500,-4.49,53.38,93873,50110,-43763,3413,2678,-735,147503,181500,181500,181000,222,1,1,2919,5793,172,50
141400,03473K,181000,5,8500,-4.49,53.37,93918,50126,-43792,3415,2681,-734,147564,181000,181000,181000,0,0,0,3029,5793,0,0
141400,03473K,181000,5,8500,-4.49,53.36,93948,50128,-43820,3417,2683,-734,147596,180500,181000,180500,32,2,2,2905,5719,30,2
141500,03473K,181000,5,8500,-4.49,53.42,93999,50214,-43785,3419,2690,-729,147733,181000,181000,181000,2,0,1,2868,5683,0,2
141500,03473K,181000,5,8500,-4.49,53.43,94001,50221,-43780,3420,2691,-729,147742,181000,181000,181000,11,1,2,2884,5581,2,9
141600,03473K,181000,5,8500,-4.49,53.42,94013,50221,-43792,3421,2691,-730,147754,181000,181000,181000,0,0,0,2884,5600,0,0
141600,03473K,181000,5,8500,-4.49,53.42,94014,50221,-43793,3422,2691,-731,147755,181000,181000,181000,1,1,0,2895,5621,1,0
141700,03473K,181000,5,8500,-4.49,53.42,94014,50221,-43793,3422,2691,-731,147755,181000,181000,181000,0,0,0,2895,5621,0,0
141700,03473K,181000,5,8500,-4.49,53.37,94106,50221,-43885,3427,2691,-736,147847,181000,181000,181000,92,5,0,2895,5733,92,0
141800,03473K,181000,5,8500,-4.49,53.36,94154,50244,-43910,3431,2693,-738,147918,180500,181000,180500,45,2,1,2944,6440,44,1
141800,03473K,180000,5,9500,-5.01,53.13,94576,50244,-44332,3436,2693,-743,148340,180500,181000,180000,467,7,1,3080,6595,466,1
141900,03473K,180000,5,9500,-5.01,53.06,94692,50244,-44448,3438,2693,-745,148456,180000,180000,180000,0,0,0,3085,6477,0,0
141900,03473K,180000,5,9500,-5.01,52.72,95386,50284,-45102,3444,2694,-750,149190,180500,180500,180000,734,6,1,1605,6932,694,40
142000,03473K,180000,5,9500,-5.01,52.77,95429,50358,-45071,3447,2700,-747,149307,179500,180000,179500,43,2,1,1485,7174,21,22
142000,03473K,179500,5,10000,-5.28,52.56,95853,50383,-45470,3452,2702,-750,149756,179500,180000,179000,492,7,3,907,6643,445,47
142100,03473K,179500,5,10000,-5.28,52.6,95956,50477,-45479,3458,2703,-755,149953,179000,179500,179000,181,4,1,1325,6621,87,94
142100,03473K,179500,5,10000,-5.28,52.6,95965,50479,-45486,3461,2704,-757,149964,179000,179500,179000,192,7,2,1325,6748,96,96
142200,03473K,179500,5,10000,-5.28,52.49,96176,50479,-45697,3468,2704,-764,150175,179500,179500,179500,146,5,0,1323,7035,146,0
142200,03473K,179500,5,10000,-5.28,52.43,96311,50496,-45815,3472,2705,-767,150327,179500,180000,179500,298,9,1,1248,7090,281,17
142300,03473K,180000,5,9500,-5.01,52.46,96311,50522,-45789,3472,2708,-764,150353,180000,180000,180000,5,0,1,1816,6816,0,5
142300,03473K,179500,5,10000,-5.28,52.46,96313,50525,-45788,3473,2709,-764,150358,180000,180000,179500,10,1,2,1822,6848,2,8
142400,03473K,180000,5,9500,-5.01,52.53,96325,50599,-45726,3475,2712,-763,150444,179500,180000,179500,77,1,3,1294,6940,3,74
142400,03473K,180500,5,9000,-4.75,52.53,96329,50602,-45727,3476,2714,-762,150451,179500,180500,179500,84,2,5,2496,5422,7,77
142500,03473K,180500,5,9000,-4.75,52.52,96347,50602,-45745,3477,2714,-763,150469,180500,180500,180500,18,1,0,2840,5048,18,0
142500,03473K,181000,5,8500,-4.49,52.6,96398,50703,-45695,3482,2717,-765,150621,180500,181000,179500,170,6,3,2856,6540,69,101
142600,03473K,180000,5,9500,-5.01,52.67,96423,50787,-45636,3484,2721,-763,150730,180000,180000,180000,109,2,4,2539,6602,25,84
142600,03473K,180000,5,9500,-5.01,52.66,96467,50796,-45671,3486,2722,-764,150783,180000,180000,180000,162,4,5,2569,6517,69,93
142700,03473K,180000,5,9500,-5.01,52.75,96471,50885,-45586,3487,2725,-762,150876,180000,180000,180000,93,1,3,2525,5419,4,89
142800,03473K,180000,5,9500,-5.01,52.74,96481,50885,-45596,3488,2725,-763,150886,180000,180000,180000,0,0,0,2530,5216,0,0
142800,03473K,180000,5,9500,-5.01,52.73,96506,50885,-45621,3492,2725,-767,150911,180000,180000,180000,25,4,0,2777,5259,25,0
142900,03473K,179500,5,10000,-5.28,52.47,96971,50885,-46086,3499,2725,-774,151376,179500,179500,179500,349,1,0,2755,6263,349,0
142900,03473K,180000,5,9500,-5.01,52.48,96973,50887,-46086,3501,2727,-774,151380,179500,180000,179500,353,3,2,1509,6342,351,2
143000,03473K,180000,5,9500,-5.01,52.48,96973,50887,-46086,3501,2727,-774,151380,180000,180000,180000,0,0,0,1509,6342,0,0
143000,03473K,179500,5,10000,-5.28,52.48,96991,50898,-46093,3502,2731,-771,151409,180000,180000,179500,29,1,4,1043,6504,18,11
143100,03473K,179000,5,10500,-5.54,52.41,97144,50910,-46234,3508,2733,-775,151574,179000,179000,179000,2,1,1,1075,6406,1,1
143100,03473K,179500,5,10000,-5.28,52.3,97468,50973,-46495,3513,2735,-778,151961,179000,179500,178500,389,6,3,1052,6159,325,64
143200,03473K,180000,5,9500,-5.01,52.37,97493,51058,-46435,3515,2737,-778,152071,180000,180000,180000,0,0,0,1657,6235,0,0
143200,03473K,180000,5,9500,-5.01,52.38,97506,51077,-46429,3517,2740,-777,152103,180000,180500,180000,32,2,3,2815,6214,13,19
143300,03473K,179500,5,10000,-5.28,52.38,97522,51083,-46439,3521,2742,-779,152125,179500,180000,179500,21,4,1,1692,6204,16,5
143300,03473K,180000,5,9500,-5.01,52.5,97532,51207,-46325,3522,2744,-778,152259,179500,180000,179500,155,5,3,2816,5129,26,129
143400,03473K,180000,5,9500,-5.01,52.49,97615,51235,-46380,3524,2747,-777,152370,180500,180500,180000,85,1,1,2818,5253,75,10
143400,03473K,179500,5,10000,-5.28,52.48,97623,51235,-46388,3525,2747,-778,152378,180500,180500,179500,93,2,1,1674,6249,83,10
143500,03473K,180000,5,9500,-5.01,52.47,97659,51240,-46419,3527,2748,-779,152419,179500,180000,179500,41,2,1,1688,6153,36,5
143500,03473K,180000,5,9500,-5.01,52.47,97659,51242,-46417,3527,2749,-778,152421,179500,180000,179500,43,2,2,2250,6203,36,7
143600,03473K,179500,5,10000,-5.28,52.4,97795,51242,-46553,3530,2749,-781,152557,179500,179500,179500,130,2,0,2377,6270,130,0
143600,03473K,179000,5,10500,-5.54,52.24,98138,51271,-46867,3537,2750,-787,152929,179500,179500,179000,502,9,1,1737,6858,473,29
143700,03473K,179000,5,10500,-5.54,52.26,98158,51294,-46864,3540,2753,-787,152972,179000,179500,179000,20,3,0,1896,5818,20,0
143700,03473K,179000,5,10500,-5.54,52.39,98171,51429,-46742,3542,2755,-787,153120,179000,180000,179000,168,5,2,2803,6542,33,135
143800,03473K,179500,5,10000,-5.28,52.36,98228,51431,-46797,3546,2756,-790,153179,179000,179500,179000,36,3,1,2217,6807,34,2
143800,03473K,180000,5,9500,-5.01,53.62,98259,52685,-45574,3550,2758,-792,154464,179000,180000,179000,1321,7,3,1850,6063,65,1256
143900,03473K,181000,5,8500,-4.49,53.93,98290,53003,-45287,3551,2764,-787,154813,180500,181000,180500,349,1,6,2107,5504,31,318
143900,03473K,181500,5,8000,-4.22,54.05,98297,53131,-45166,3553,2772,-781,154948,180500,182000,180500,484,3,14,1830,4611,38,446
144000,03473K,182000,5,7500,-3.96,54.21,98313,53291,-45022,3556,2782,-774,155124,182000,182000,182000,132,3,6,2022,4630,16,116
144000,03473K,181500,5,8000,-4.22,54.19,98344,53292,-45052,3560,2783,-777,155156,182000,182000,181500,164,7,7,2277,4818,47,117
144100,03473K,181500,5,8000,-4.22,54.16,98429,53306,-45123,3565,2784,-781,155255,181500,181500,181500,99,5,1,2451,4885,85,14
144100,03473K,181000,5,8500,-4.49,54.13,98478,53306,-45172,3568,2784,-784,155304,181500,181500,181000,148,8,1,2716,5247,134,14
144200,03473K,180500,5,9000,-4.75,54.04,98673,53326,-45347,3571,2785,-786,155519,181000,181000,180500,215,3,1,3326,5134,195,20
144300,03473K,180500,5,9000,-4.75,54.04,98680,53329,-45351,3572,2786,-786,155529,180500,180500,180500,0,0,0,3044,5932,0,0
144300,03473K,180500,5,9000,-4.75,54.07,98699,53369,-45330,3574,2787,-787,155588,180500,180500,180500,59,2,1,2865,5789,19,40
144400,03473K,181000,5,8500,-4.49,54.1,98704,53403,-45301,3575,2792,-783,155627,181000,181000,181000,1,0,1,2977,5350,0,1
144400,03473K,181000,5,8500,-4.49,54.14,98704,53435,-45269,3575,2796,-779,155659,181000,181000,181000,33,0,5,3002,5350,0,33
144500,03473K,181500,5,8000,-4.22,54.14,98707,53436,-45271,3576,2797,-779,155663,181500,181500,181500,0,0,0,3214,4694,0,0
144500,03473K,181500,5,8000,-4.22,54.05,98925,53466,-45459,3580,2799,-781,155911,181000,181500,180500,248,4,2,3209,4753,218,30
144600,03473K,181500,5,8000,-4.22,54.06,98925,53475,-45450,3580,2803,-777,155920,181500,181500,181500,1,0,1,2710,4770,0,1
144600,03473K,181000,5,8500,-4.49,54.06,98927,53475,-45452,3581,2803,-778,155922,181500,181500,181000,3,1,1,2718,4769,2,1
144700,03473K,181000,5,8500,-4.49,54.14,99009,53605,-45404,3583,2806,-777,156134,181000,181000,181000,10,1,0,2726,4849,10,0
144700,03473K,181500,5,8000,-4.22,54.28,99020,53749,-45271,3585,2811,-774,156289,181000,181500,181000,165,3,5,2502,4962,21,144
144800,03473K,182500,5,7000,-3.69,54.9,99032,54364,-44668,3587,2818,-769,156916,182000,182500,182000,272,0,3,2518,4737,0,272
144800,03473K,182500,5,7000,-3.69,54.94,99079,54437,-44642,3590,2827,-763,157036,182000,182500,182000,392,3,12,2113,4583,47,345
144900,03473K,182500,5,7000,-3.69,55.11,99079,54606,-44473,3590,2845,-745,157205,182500,182500,182500,48,0,4,2175,4609,0,48
144900,03473K,182500,5,7000,-3.69,55.25,99106,54758,-44348,3592,2854,-738,157384,182500,183000,182500,227,2,13,2190,4715,27,200
145000,03473K,183000,5,6500,-3.43,55.35,99117,54861,-44256,3593,2859,-734,157498,183000,183000,183000,22,0,1,2306,3412,0,22
145000,03473K,182500,5,7000,-3.69,55.58,99209,55144,-44065,3595,2867,-728,157873,183000,183000,182500,397,2,9,2492,3326,92,305
145100,03473K,182000,5,7500,-3.96,55.49,99430,55177,-44253,3600,2870,-730,158127,182000,182000,182000,33,0,3,2403,4608,0,33
145100,03473K,182000,5,7500,-3.96,55.62,99430,55298,-44132,3600,2875,-725,158248,182000,182000,182000,154,0,8,2380,5261,0,154
145200,03473K,182000,5,7500,-3.96,55.61,99449,55300,-44149,3605,2877,-728,158269,182000,182000,182000,10,3,0,2749,5313,10,0
145200,03473K,182000,5,7500,-3.96,55.61,99449,55300,-44149,3605,2877,-728,158269,182000,182000,182000,10,3,0,2749,5313,10,0
145300,03473K,182000,5,7500,-3.96,55.72,99464,55418,-44046,3608,2880,-728,158402,182000,182000,182000,110,2,2,2814,5152,2,108
145300,03473K,182000,5,7500,-3.96,55.7,99493,55418,-44075,3610,2880,-730,158431,182000,182000,182000,139,4,2,2827,5214,31,108
145400,03473K,182000,5,7500,-3.96,55.7,99519,55431,-44088,3613,2881,-732,158470,182000,182000,182000,30,2,1,2875,5218,17,13
145400,03473K,182000,5,7500,-3.96,55.73,99519,55465,-44054,3613,2887,-726,158504,182000,182000,182000,64,2,7,2551,5312,17,47
145500,03473K,182000,5,7500,-3.96,55.74,99519,55467,-44052,3613,2889,-724,158506,182000,182000,182000,2,0,2,2570,4892,0,2
145500,03473K,181000,5,8500,-4.49,55.7,99590,55467,-44123,3617,2889,-728,158577,182000,182000,181000,73,4,2,2569,4831,71,2
145600,03473K,182000,5,7500,-3.96,55.7,99590,55468,-44122,3617,2890,-727,158578,182000,182000,182000,1,0,1,2575,4852,0,1
145700,03473K,182000,5,7500,-3.96,55.7,99592,55471,-44121,3618,2891,-727,158583,182000,182000,182000,0,0,0,2616,5207,0,0
145700,03473K,182000,5,7500,-3.96,55.7,99592,55473,-44119,3618,2893,-725,158585,182000,182000,182000,2,0,2,2659,5461,0,2
145800,03473K,182000,5,7500,-3.96,55.72,99592,55489,-44103,3618,2895,-723,158601,182000,182000,182000,0,0,0,2731,5334,0,0
145800,03473K,181500,5,8000,-4.22,55.62,99759,55489,-44270,3623,2895,-728,158768,181500,181500,181500,167,5,0,2624,5202,167,0
145900,03473K,181000,5,8500,-4.49,55.62,99760,55489,-44271,3624,2895,-729,158769,181000,181000,181000,1,1,0,2523,5563,1,0
145900,03473K,181500,5,8000,-4.22,55.56,99940,55529,-44411,3630,2900,-730,158989,181000,181500,181000,221,7,5,2604,5161,181,40
150000,03473K,181500,5,8000,-4.22,55.62,99987,55608,-44379,3631,2902,-729,159115,181500,181500,181500,55,0,1,2547,5721,0,55
150000,03473K,181500,5,8000,-4.22,55.61,99997,55612,-44385,3633,2903,-730,159129,181500,181500,181500,69,2,2,2563,5456,10,59
150100,03473K,181500,5,8000,-4.22,55.65,100014,55659,-44355,3634,2904,-730,159193,181500,181500,181500,17,1,0,2551,5473,17,0
150100,03473K,181500,5,8000,-4.22,55.56,100174,55659,-44515,3639,2904,-735,159353,181500,181500,181500,177,6,0,2924,5658,177,0
150200,03473K,181500,5,8000,-4.22,55.61,100184,55715,-44469,3640,2908,-732,159419,182000,182000,181500,26,1,2,2874,5640,10,16
150200,03473K,182500,5,7000,-3.69,56.31,100201,56421,-43780,3644,2912,-732,160142,182000,182500,181500,749,5,6,2731,6218,27,722
150300,03473K,183500,5,6000,-3.17,56.47,100205,56588,-43617,3648,2923,-725,160313,183000,183500,182500,164,2,10,2813,3899,2,162
150300,03473K,184500,5,5000,-2.64,57.22,100233,57352,-42881,3653,2935,-718,161105,183000,184500,182500,956,7,22,2477,3027,30,926
150400,03473K,184500,5,5000,-2.64,57.56,100310,57739,-42571,3665,2951,-714,161569,184500,184500,184500,265,4,6,2566,3253,46,219
150400,03473K,184000,5,5500,-2.9,57.65,100406,57883,-42523,3668,2958,-710,161809,184500,184500,184000,505,7,13,2726,3551,142,363
150500,03473K,184000,5,5500,-2.9,57.83,100417,58067,-42350,3669,2968,-701,162004,184000,184000,183500,179,1,7,2545,3671,11,168
150500,03473K,183500,5,6000,-3.17,57.96,100634,58325,-42309,3672,2977,-695,162479,184000,184500,183500,654,4,16,2619,3614,228,426
150600,03473K,184000,5,5500,-2.9,58.01,100808,58483,-42325,3680,2979,-701,162811,183500,184000,183500,270,4,2,2390,6234,112,158
150600,03473K,184500,5,5000,-2.64,58.24,100886,58753,-42133,3686,2988,-698,163159,183500,185000,183500,618,10,11,2827,3498,190,428
150700,03473K,183500,5,6000,-3.17,58.28,100970,58843,-42127,3688,2995,-693,163333,184000,184000,183500,22,1,4,2799,4371,10,12
150700,03473K,183500,5,6000,-3.17,58.26,101087,58895,-42192,3694,3001,-693,163502,184000,184000,183500,191,7,10,2697,4030,127,64
150800,03473K,183500,5,6000,-3.17,58.27,101100,58915,-42185,3697,3004,-693,163535,183000,184000,183000,20,2,2,2759,3696,5,15
150800,03473K,183500,5,6000,-3.17,58.24,101224,58954,-42270,3703,3009,-694,163698,183000,184000,183000,183,8,7,2786,3704,129,54
150900,03473K,183000,5,6500,-3.43,58.19,101347,58974,-42373,3706,3013,-693,163841,183500,184000,183000,140,3,3,2933,4196,123,17
150900,03473K,183000,5,6500,-3.43,58.17,101426,59004,-42422,3708,3020,-688,163950,183500,184000,183000,249,5,10,3032,4092,202,47
151000,03473K,182500,5,7000,-3.69,57.73,102203,59004,-43199,3718,3020,-698,164727,183000,183000,182500,777,10,0,2880,4466,777,0
151100,03473K,182000,5,7500,-3.96,57.56,102510,59004,-43506,3724,3020,-704,165034,182000,182000,182000,0,0,0,2852,6110,0,0
151100,03473K,182000,5,7500,-3.96,57.53,102574,59011,-43563,3727,3024,-703,165105,182000,182500,182000,71,3,4,2729,6168,64,7
151200,03473K,181000,5,8500,-4.49,57.25,103287,59127,-44160,3736,3031,-705,165934,181000,181000,181000,50,1,0,2535,5890,50,0
151200,03473K,181000,5,8500,-4.49,57.24,103297,59129,-44168,3738,3033,-705,165946,181000,182500,181000,62,3,2,2977,6082,60,2
151300,03473K,182000,5,7500,-3.96,57.03,103711,59150,-44561,3747,3037,-710,166381,182000,182000,182000,7,0,1,2683,6064,0,7
151300,03473K,181000,5,8500,-4.49,57.02,103750,59155,-44595,3752,3038,-714,166425,182000,182000,181000,51,5,2,2417,6561,39,12
151400,03473K,181000,5,8500,-4.49,56.99,103803,59160,-44643,3764,3039,-725,166483,181000,181000,181000,8,3,0,2453,6798,8,0
151400,03473K,181500,5,8000,-4.22,57.15,103847,59351,-44496,3774,3045,-729,166718,181000,181500,181000,243,13,6,2654,6451,52,191
151500,03473K,182000,5,7500,-3.96,57.3,103892,59525,-44367,3777,3048,-729,166937,182500,182500,182000,128,1,1,2842,6301,1,127
151500,03473K,182500,5,7000,-3.69,57.39,103918,59643,-44275,3781,3055,-726,167081,182500,183000,182000,272,5,8,2862,5174,27,245
151600,03473K,182500,5,7000,-3.69,57.49,104060,59827,-44233,3785,3066,-719,167407,183000,183000,182000,99,2,7,3029,6310,20,79
151600,03473K,182500,5,7000,-3.69,57.48,104093,59836,-44257,3788,3068,-720,167449,183000,183000,182000,141,5,9,3301,5590,53,88
151700,03473K,181500,5,8000,-4.22,57.47,104468,60035,-44433,3793,3081,-712,168023,182500,182500,181500,555,4,9,3525,6580,374,181
151700,03473K,182000,5,7500,-3.96,57.69,104708,60401,-44307,3800,3097,-703,168629,182500,182500,181000,1161,11,25,2904,6772,614,547
151800,03473K,183000,5,6500,-3.43,58.16,104731,60914,-43817,3802,3107,-695,169165,183000,183000,183000,438,0,6,2983,5616,0,438
151800,03473K,183000,5,6500,-3.43,58.32,104808,61129,-43679,3806,3126,-680,169457,183000,183000,182500,730,4,25,3120,5044,77,653
151900,03473K,182500,5,7000,-3.69,58.38,104978,61287,-43691,3811,3142,-669,169785,183000,183000,182500,164,3,5,2910,6513,155,9
151900,03473K,182500,5,7000,-3.69,58.45,105102,61430,-43672,3822,3152,-670,170052,183000,183000,182500,431,14,15,3103,6238,279,152
152000,03473K,182000,5,7500,-3.96,58.45,105433,61621,-43812,3836,3161,-675,170574,182500,183000,182000,370,12,6,2696,6054,328,42
152000,03473K,182000,5,7500,-3.96,58.58,105563,61837,-43726,3844,3169,-675,170920,182500,183000,182000,716,20,14,3182,6599,458,258
152000,03473K,182000,5,7500,-3.96,58.66,105563,61919,-43644,3844,3174,-670,171002,182500,183000,182000,798,20,19,2655,6630,458,340
152000,03473K,182000,5,7500,-3.96,58.66,105563,61919,-43644,3844,3174,-670,171002,182500,183000,182000,798,20,19,2655,6630,458,340
152000,03473K,182000,5,7500,-3.96,58.66,105563,61919,-43644,3844,3174,-670,171002,182500,183000,182000,798,20,19,2655,6630,458,340
152000,03473K,182000,5,7500,-3.96,58.66,105563,61919,-43644,3844,3174,-670,171002,182500,183000,182000,798,20,19,2655,6630,458,340
152000,03473K,182000,5,7500,-3.96,58.66,105563,61919,-43644,3844,3174,-670,171002,182500,183000,182000,798,20,19,2655,6630,458,340
152000,03473K,182000,5,7500,-3.96,58.66,105563,61919,-43644,3844,3174,-670,171002,182500,183000,182000,798,20,19,2655,6630,458,340
152000,03473K,182000,5,7500,-3.96,58.66,105563,61919,-43644,3844,3174,-670,171002,182500,183000,182000,798,20,19,2655,6630,458,340
152000,03473K,182000,5,7500,-3.96,58.66,105563,61919,-43644,3844,3174,-670,171002,182500,183000,182000,798,20,19,2655,6630,458,340
152000,03473K,182000,5,7500,-3.96,58.66,105563,61919,-43644,3844,3174,-670,171002,182500,183000,182000,798,20,19,2655,6630,458,340
152000,03473K,182000,5,7500,-3.96,58.66,105563,61919,-43644,3844,3174,-670,171002,182500,183000,182000,798,20,19,2655,6630,458,340
152000,03473K,182000,5,7500,-3.96,58.66,105563,61919,-43644,3844,3174,-670,171002,182500,183000,182000,798,20,19,2655,6630,458,340
152000,03473K,182000,5,7500,-3.96,58.66,105563,61919,-43644,3844,3174,-670,171002,182500,183000,182000,798,20,19,2655,6630,458,340
152000,03473K,182000,5,7500,-3.96,58.66,105563,61919,-43644,3844,3174,-670,171002,182500,183000,182000,798,20,19,2655,6630,458,340
152000,03473K,182000,5,7500,-3.96,58.66,105563,61919,-43644,3844,3174,-670,171002,182500,183000,182000,798,20,19,2655,6630,458,340
152000,03473K,182000,5,7500,-3.96,58.66,105563,61919,-43644,3844,3174,-670,171002,182500,183000,182000,798,20,19,2655,6630,458,340
152000,03473K,182000,5,7500,-3.96,58.66,105563,61919,-43644,3844,3174,-670,171002,182500,183000,182000,798,20,19,2655,6630,458,340
152000,03473K,182000,5,7500,-3.96,58.66,105563,61919,-43644,3844,3174,-670,171002,182500,183000,182000,798,20,19,2655,6630,458,340
152000,03473K,182000,5,7500,-3.96,58.66,105563,61919,-43644,3844,3174,-670,171002,182500,183000,182000,798,20,19,2655,6630,458,340
152000,03473K,182000,5,7500,-3.96,58.66,105563,61919,-43644,3844,3174,-670,171002,182500,183000,182000,798,20,19,2655,6630,458,340
