092700,007110,2985,2,85,2.93,66.34,1218784,808561,-410223,1492,1031,-461,2211426,2990,2990,2985,10410,10,5,96012,112837,6299,4111
092800,007110,2990,2,90,3.1,66.36,1218934,808829,-410105,1495,1035,-460,2211844,2990,2990,2985,82,2,2,103745,109822,72,10
092800,007110,2985,2,85,2.93,66.74,1227587,819334,-408253,1501,1045,-456,2231002,2990,2990,2985,19240,8,12,96202,119415,8725,10515
092900,007110,2990,2,90,3.1,66.71,1229527,820256,-409271,1507,1054,-453,2233864,2985,2990,2985,718,4,5,109044,126347,465,253
092900,007110,2985,2,85,2.93,66.12,1243177,821981,-421196,1515,1064,-451,2249239,2985,2990,2985,16093,12,15,109660,121358,14115,1978
093000,007110,2985,2,85,2.93,68.05,1243458,846152,-397306,1520,1069,-451,2273691,2990,2990,2985,24181,1,5,97626,130636,10,24171
093000,007110,2990,2,90,3.1,66.46,1273417,846283,-427134,1533,1073,-460,2303781,2990,2995,2980,54271,14,9,90871,106785,29969,24302
093100,007110,2990,2,90,3.1,66.65,1273417,848691,-424726,1533,1080,-453,2306189,2990,2990,2990,2383,0,6,95614,120213,0,2383
093100,007110,2990,2,90,3.1,66.91,1273417,852064,-421353,1533,1088,-445,2309562,2990,2990,2990,5756,0,14,94495,130129,0,5756
093200,007110,2995,2,95,3.28,67.29,1273431,856933,-416498,1536,1101,-435,2314445,2990,2995,2990,2272,2,6,101130,136979,11,2261
093200,007110,2990,2,90,3.1,67.29,1273435,856958,-416477,1538,1105,-433,2314474,2990,2995,2990,2301,4,10,96718,133880,15,2286
093300,007110,2995,2,95,3.28,67.54,1274007,860492,-413515,1544,1113,-431,2318580,2995,2995,2990,3579,5,4,104366,125121,488,3091
093300,007110,2995,2,95,3.28,67.4,1276738,860518,-416220,1560,1114,-446,2321337,2995,2995,2990,6336,21,5,109666,120092,3219,3117
093400,007110,2995,2,95,3.28,67.37,1277953,860981,-416972,1569,1120,-449,2323015,2995,3000,2990,1578,8,6,105579,130407,1115,463
093400,007110,2990,2,90,3.1,66.78,1290048,861490,-428558,1573,1125,-448,2335619,2995,3000,2985,14182,12,11,96488,121675,13210,972
093500,007110,2985,2,85,2.93,66.81,1290050,861865,-428185,1574,1131,-443,2335996,2990,2990,2985,103,1,2,102447,122232,2,101
093500,007110,2980,2,80,2.76,66.67,1295846,864005,-431841,1581,1138,-443,2343932,2990,2990,2980,8039,8,9,98517,139918,5798,2241
093600,007110,2985,2,85,2.93,66.76,1300412,868099,-432313,1591,1144,-447,2352592,2980,2985,2980,8630,9,6,104160,125357,4536,4094
093600,007110,2985,2,85,2.93,66.87,1302763,871150,-431613,1601,1152,-449,2357994,2980,2990,2980,14032,19,14,101800,125058,6887,7145
093700,007110,2995,2,95,3.28,66.86,1304861,872428,-432433,1608,1160,-448,2361370,2990,2995,2985,1951,6,5,109995,121909,1927,24
093700,007110,2995,2,95,3.28,66.83,1306047,872807,-433240,1611,1170,-441,2362935,2990,2995,2985,3516,9,15,110460,127740,3113,403
093800,007110,2990,2,90,3.1,66.8,1306653,872817,-433836,1616,1172,-444,2363551,2995,2995,2990,613,5,1,110572,127328,606,7
093800,007110,2990,2,90,3.1,66.79,1306732,872820,-433912,1617,1175,-442,2363633,2995,2995,2990,695,6,4,111617,127331,685,10
093900,007110,2990,2,90,3.1,66.71,1308388,872820,-435568,1622,1175,-447,2365289,2990,2990,2990,1656,5,0,111995,126968,1656,0
093900,007110,2995,2,95,3.28,67.2,1313688,882816,-430872,1628,1186,-442,2380585,2990,3000,2990,16952,11,11,105870,127606,6956,9996
094000,007110,3000,2,100,3.45,67.13,1315179,882929,-432250,1632,1189,-443,2382189,2995,3000,2995,1604,4,3,114402,119606,1491,113
094000,007110,2995,2,95,3.28,67.08,1316455,883046,-433409,1638,1198,-440,2383582,2995,3000,2995,2997,10,12,118284,122474,2767,230
094100,007110,2995,2,95,3.28,66.87,1322342,884299,-438043,1643,1209,-434,2390722,3000,3000,2995,7140,5,11,117266,115881,5887,1253
094200,007110,2995,2,95,3.28,66.69,1325934,884329,-441605,1648,1214,-434,2394344,2995,2995,2995,0,0,0,106780,127315,0,0
094200,007110,3000,2,100,3.45,66.79,1325985,885635,-440350,1651,1221,-430,2395701,2995,3000,2995,1357,3,7,116089,119241,51,1306
094300,007110,2995,2,95,3.28,66.78,1326296,885636,-440660,1652,1222,-430,2396013,2995,2995,2995,0,0,0,117940,122269,0,0
094300,007110,2995,2,95,3.28,66.76,1327252,886089,-441163,1657,1225,-432,2397422,2995,3000,2995,1409,5,3,117842,122186,956,453
094400,007110,2995,2,95,3.28,66.75,1327487,886089,-441398,1660,1225,-435,2397657,2995,2995,2995,0,0,0,118107,135503,0,0
094400,007110,2995,2,95,3.28,66.42,1334071,886093,-447978,1664,1227,-437,2404245,2995,3000,2995,6588,4,2,118026,133312,6584,4
094500,007110,2995,2,95,3.28,66.57,1334106,888076,-446030,1668,1234,-434,2406263,2995,2995,2995,2,1,0,118109,117509,2,0
094500,007110,3000,2,100,3.45,66.51,1335238,888088,-447150,1671,1237,-434,2407407,2995,3000,2995,1146,4,3,118845,120608,1134,12
094600,007110,3000,2,100,3.45,67.13,1336246,897088,-439158,1673,1238,-435,2417415,3000,3000,3000,9000,0,1,119028,122621,0,9000
094600,007110,3000,2,100,3.45,67.11,1336951,897266,-439685,1675,1241,-434,2418298,3000,3000,2995,9883,2,4,110339,124567,705,9178
094700,007110,2995,2,95,3.28,66.94,1341207,897866,-443341,1680,1243,-437,2423154,3000,3000,2995,453,1,1,113947,121161,153,300
094700,007110,2995,2,95,3.28,66.93,1341465,897896,-443569,1682,1244,-438,2423442,3000,3000,2995,741,3,2,103742,132554,411,330
094800,007110,2995,2,95,3.28,67.11,1342208,900805,-441403,1683,1251,-432,2427094,2995,2995,2995,3130,1,1,115238,111261,743,2387
094800,007110,2990,2,90,3.1,66.94,1345750,900806,-444944,1688,1252,-436,2430637,2995,2995,2990,6673,6,2,109843,116665,4285,2388
094900,007110,2985,2,85,2.93,66.62,1352244,900929,-451315,1692,1254,-438,2437254,2985,2985,2985,3506,1,0,103073,118299,3506,0
094900,007110,2985,2,85,2.93,66.66,1352252,901352,-450900,1693,1258,-435,2437685,2985,2990,2985,3937,2,4,103382,113858,3514,423
095000,007110,2990,2,90,3.1,66.66,1353870,902466,-451404,1708,1262,-446,2440417,2990,2995,2990,353,9,1,111298,115445,352,1
095000,007110,2990,2,90,3.1,66.6,1355081,902467,-452614,1713,1263,-450,2441629,2990,2995,2990,1565,14,2,112027,114622,1563,2
095100,007110,2990,2,90,3.1,66.57,1355841,902595,-453246,1714,1266,-448,2442517,2995,2995,2990,762,1,1,112329,114552,760,2
095100,007110,2990,2,90,3.1,66.71,1356142,904675,-451467,1716,1271,-445,2444898,2995,2995,2985,3143,3,6,102814,118156,1061,2082
095200,007110,2990,2,90,3.1,66.77,1356184,905516,-450668,1718,1280,-438,2445781,2990,2990,2990,781,2,5,103626,118461,42,739
095200,007110,2990,2,90,3.1,67.11,1356223,910176,-446047,1719,1289,-430,2450480,2990,2995,2990,5480,3,14,112820,123461,81,5399
095300,007110,2990,2,90,3.1,66.95,1361775,911761,-450014,1724,1297,-427,2457617,2990,2990,2990,182,2,0,120045,114569,182,0
095300,007110,2990,2,90,3.1,66.94,1361992,911761,-450231,1729,1297,-432,2457834,2990,2990,2990,399,7,0,120426,118084,399,0
095400,007110,3005,2,105,3.62,69.86,1361992,951454,-410538,1729,1308,-421,2497527,2995,3005,2995,39692,0,10,104869,146920,0,39692
095400,007110,3000,2,100,3.45,69.72,1366242,952589,-413653,1735,1317,-418,2502912,2995,3005,2995,45077,6,19,92500,138839,4250,40827
095500,007110,3005,2,105,3.62,69.91,1367060,955693,-411367,1737,1322,-415,2506834,3000,3005,3000,2384,0,3,107962,125940,0,2384
095500,007110,3005,2,105,3.62,70.08,1367824,958539,-409285,1738,1331,-407,2510444,3000,3005,3000,5994,1,12,103803,122864,764,5230
095600,007110,3000,2,100,3.45,69.97,1370935,959213,-411722,1741,1340,-401,2514229,3005,3005,3000,379,1,5,111230,126273,23,356
095600,007110,2995,2,95,3.28,69.56,1381188,960724,-420464,1745,1345,-400,2525993,3005,3005,2995,12143,5,10,110506,127230,10276,1867
095700,007110,3005,2,105,3.62,69.88,1381709,965520,-416189,1752,1363,-389,2531310,3000,3005,3000,3740,4,13,108517,127978,483,3257
095700,007110,3010,2,110,3.79,71.1,1381717,982390,-399327,1753,1407,-346,2548188,3000,3010,3000,20618,5,57,123010,123694,491,20127
095800,007110,3015,2,115,3.97,73.02,1383187,1009984,-373203,1759,1451,-308,2577252,3015,3020,3010,15229,4,27,144784,120982,1448,13781
095800,007110,3015,2,115,3.97,73.97,1388046,1026722,-361324,1769,1476,-293,2598849,3015,3020,3010,36826,14,52,134483,115691,6307,30519
095900,007110,3015,2,115,3.97,74.37,1399330,1040637,-358693,1786,1491,-295,2624048,3020,3020,3015,11046,16,6,137690,121068,9284,1762
095900,007110,3015,2,115,3.97,74.36,1403620,1043665,-359955,1794,1503,-291,2631366,3020,3020,3010,18364,24,18,141897,124685,13574,4790
100000,007110,3020,2,120,4.14,75.63,1406286,1063567,-342719,1805,1514,-291,2654462,3025,3025,3020,4335,8,5,141494,94962,2628,1179
100000,007110,3015,2,115,3.97,75.96,1407772,1069323,-338449,1810,1523,-287,2661704,3025,3025,3015,11577,13,14,154531,119453,4114,6935
100100,007110,3015,2,115,3.97,75.79,1416201,1073340,-342861,1820,1529,-291,2674150,3015,3020,3015,7505,8,3,153874,110782,7492,13
100100,007110,3015,2,115,3.97,76.47,1416919,1083473,-333446,1825,1537,-288,2685001,3015,3020,3015,18356,13,11,149149,131635,8210,10146
100200,007110,3020,2,120,4.14,76.59,1417214,1085428,-331786,1828,1543,-285,2687251,3015,3020,3015,2250,3,6,149544,127499,295,1955
100200,007110,3015,2,115,3.97,76.53,1424983,1090576,-334407,1831,1557,-274,2700168,3015,3020,3015,15167,6,20,151358,120714,8064,7103
100300,007110,3020,2,120,4.14,77.09,1425152,1098682,-326470,1833,1561,-272,2708443,3015,3020,3015,109,1,3,157036,120735,3,106
100300,007110,3015,2,115,3.97,76.88,1429320,1098883,-330437,1836,1563,-273,2712812,3015,3020,3015,4478,4,5,157895,121614,4171,307
100400,007110,3010,2,110,3.79,75.76,1451226,1099521,-351705,1843,1568,-275,2735356,3015,3015,3005,22543,7,4,159109,106930,21906,637
100400,007110,3005,2,105,3.62,75.77,1452538,1100538,-352000,1854,1569,-285,2737685,3015,3015,3000,24872,18,5,125426,124409,23218,1654
100500,007110,3005,2,105,3.62,75.75,1453163,1100742,-352421,1860,1574,-286,2738514,3010,3010,3005,828,6,4,126375,129543,625,203
100500,007110,3005,2,105,3.62,75.59,1456203,1100789,-355414,1865,1578,-287,2741601,3010,3010,3005,3915,11,8,130418,125373,3665,250
100600,007110,3015,2,115,3.97,75.81,1456922,1104466,-352456,1873,1583,-290,2745997,3010,3015,3005,4396,8,5,162646,120520,719,3677
100700,007110,3010,2,110,3.79,75.63,1460323,1104468,-355855,1878,1584,-294,2749400,3010,3010,3010,0,0,0,163065,127118,0,0
100700,007110,3005,2,105,3.62,74.84,1475823,1104468,-371355,1886,1584,-302,2764900,3010,3010,3005,15500,8,0,129145,125624,15500,0
100800,007110,3005,2,105,3.62,74.8,1476626,1104472,-372154,1891,1586,-305,2765707,3005,3005,3005,0,0,0,130327,125774,0,0
100800,007110,3000,2,100,3.45,74.6,1481916,1105573,-376343,1895,1589,-306,2772098,3005,3005,3000,6391,4,3,104622,128457,5290,1101
100900,007110,3015,2,115,3.97,74.92,1481960,1110344,-371616,1897,1598,-299,2776913,3015,3015,3015,0,0,0,163531,111790,0,0
100900,007110,3035,2,135,4.66,78.53,1483482,1165026,-318456,1905,1626,-279,2833131,3015,3035,3015,56218,8,28,122753,71935,1522,54682
101000,007110,3040,2,140,4.83,79.68,1485253,1183462,-301791,1912,1674,-238,2853338,3035,3040,3035,201,0,5,125757,73319,0,201
101000,007110,3035,2,135,4.66,79.11,1502164,1188288,-313876,1934,1680,-254,2875075,3035,3040,3030,21938,22,11,128261,66799,16911,5027
101100,007110,3030,2,130,4.48,79.03,1504598,1189031,-315567,1941,1692,-249,2878252,3035,3035,3030,1284,2,2,122162,75601,1084,200
101100,007110,3030,2,130,4.48,78.92,1506624,1189094,-317530,1948,1694,-254,2880341,3035,3035,3030,3373,9,4,123634,81475,3110,263
101200,007110,3025,2,125,4.31,78.05,1523579,1189124,-334455,1961,1696,-265,2897326,3030,3030,3025,4595,4,1,122050,90361,4586,9
101200,007110,3030,2,130,4.48,78.26,1529363,1196912,-332451,1977,1702,-275,2910898,3030,3035,3025,18167,20,7,132510,100297,10370,7797
101300,007110,3040,2,140,4.83,78.94,1530568,1208168,-322400,1989,1726,-263,2923359,3040,3040,3035,7153,3,15,141981,75192,36,7117
101300,007110,3050,2,150,5.17,80.72,1531090,1235912,-295178,1994,1775,-219,2951625,3040,3050,3035,35419,8,64,138095,69573,558,34861
101400,007110,3045,2,145,5.0,81.16,1539875,1249693,-290182,2006,1793,-213,2974191,3045,3045,3040,2820,1,4,131767,72855,100,2720
101400,007110,3035,2,135,4.66,81.02,1549292,1255199,-294093,2022,1799,-223,2989114,3045,3045,3035,17743,17,10,112959,83764,9517,8226
101500,007110,3050,2,150,5.17,82.32,1549888,1275847,-274041,2034,1810,-224,3010358,3050,3055,3050,15377,4,5,200837,69111,146,15231
101500,007110,3040,2,140,4.83,83.52,1560089,1303002,-257087,2055,1820,-235,3049667,3050,3055,3040,54686,25,15,121457,75813,10347,42386
101600,007110,3040,2,140,4.83,83.49,1562369,1304355,-258014,2071,1824,-247,3053300,3045,3045,3040,1700,1,3,112518,75494,500,1200
101600,007110,3045,2,145,5.0,83.63,1565661,1309352,-256309,2083,1830,-253,3061589,3045,3050,3040,9989,13,9,125603,75350,3792,6197
101700,007110,3055,2,155,5.34,83.85,1570024,1316436,-253588,2092,1838,-254,3073036,3050,3055,3050,10321,6,5,125705,86982,4273,6048
101700,007110,3050,2,150,5.17,84.07,1578145,1326709,-251436,2104,1846,-258,3091430,3050,3055,3045,28715,18,13,129303,77958,12394,16321
101800,007110,3045,2,145,5.0,83.08,1600604,1329788,-270816,2123,1852,-271,3116968,3045,3045,3040,5830,16,4,139449,65618,3243,2587
101800,007110,3040,2,140,4.83,82.98,1602964,1330174,-272790,2129,1854,-275,3119714,3045,3045,3040,8576,22,6,125114,70546,5603,2973
101900,007110,3040,2,140,4.83,82.93,1604694,1330776,-273918,2135,1858,-277,3122046,3040,3040,3040,1629,5,1,104591,82937,1627,2
101900,007110,3030,2,130,4.48,81.73,1628670,1331124,-297546,2151,1860,-291,3146370,3040,3040,3030,25953,21,3,107322,78558,25603,350
102000,007110,3030,2,130,4.48,81.74,1629657,1332012,-297645,2157,1866,-291,3148245,3025,3030,3025,878,3,3,92450,90378,668,210
102000,007110,3025,2,125,4.31,81.8,1630652,1333953,-296699,2164,1871,-293,3151181,3025,3030,3025,3814,10,8,103429,94460,1663,2151
102100,007110,3035,2,135,4.66,81.76,1633885,1335880,-298005,2183,1872,-311,3156341,3030,3035,3030,5059,17,1,117247,73104,3132,1927
102100,007110,3035,2,135,4.66,81.72,1635161,1336280,-298881,2188,1874,-314,3158017,3030,3040,3030,6735,22,3,120425,72014,4408,2327
102200,007110,3035,2,135,4.66,81.8,1635202,1337585,-297617,2189,1877,-312,3159363,3035,3035,3035,1305,0,3,112806,80194,0,1305
102200,007110,3030,2,130,4.48,81.7,1637219,1337585,-299634,2195,1877,-318,3161380,3035,3035,3030,3322,6,3,108190,85487,2017,1305
102300,007110,3030,2,130,4.48,81.11,1650414,1338635,-311779,2198,1881,-317,3175625,3035,3035,3025,11068,2,4,100754,118749,10018,1050
102300,007110,3040,2,140,4.83,81.53,1650732,1345841,-304891,2200,1896,-304,3183149,3035,3040,3025,18592,4,19,124020,65671,10336,8256
102400,007110,3045,2,145,5.0,81.71,1650946,1349034,-301912,2203,1914,-289,3186556,3035,3045,3030,3407,3,18,145936,57795,214,3193
102400,007110,3035,2,135,4.66,81.69,1651505,1349170,-302335,2209,1916,-293,3187251,3035,3045,3030,4102,9,20,128430,64668,773,3329
102500,007110,3040,2,140,4.83,81.79,1652057,1351178,-300879,2214,1926,-288,3189811,3035,3040,3035,2552,4,10,149436,54879,544,2008
102500,007110,3035,2,135,4.66,81.71,1654436,1351758,-302678,2217,1930,-287,3192770,3035,3040,3035,5511,7,14,132398,64098,2923,2588
102600,007110,3030,2,130,4.48,81.49,1662572,1354764,-307808,2221,1936,-285,3203912,3035,3035,3030,11142,4,6,115874,77360,8136,3006
102700,007110,3025,2,125,4.31,81.19,1668852,1354964,-313888,2229,1937,-292,3210392,3025,3025,3025,0,0,0,109494,92410,0,0
102700,007110,3020,2,120,4.14,81.09,1676399,1359391,-317008,2232,1947,-285,3222366,3025,3025,3020,11974,3,10,75864,113389,7547,4427
102800,007110,3015,2,115,3.97,81.11,1677665,1360681,-316984,2239,1954,-285,3224922,3015,3015,3015,1,1,0,79656,116615,1,0
102800,007110,3020,2,120,4.14,81.03,1679337,1360757,-318580,2244,1957,-287,3226670,3015,3020,3015,1749,6,3,83630,120529,1673,76
102900,007110,3010,2,110,3.79,80.73,1688129,1362857,-325272,2247,1960,-287,3237562,3010,3010,3010,0,0,0,77148,123103,0,0
102900,007110,3020,2,120,4.14,80.85,1689015,1365493,-323522,2255,1965,-290,3241084,3015,3020,3015,3522,8,5,105988,99737,886,2636
103000,007110,3020,2,120,4.14,80.66,1692871,1365538,-327333,2269,1967,-302,3244985,3020,3020,3020,806,3,0,106022,101554,806,0
103000,007110,3020,2,120,4.14,80.65,1693226,1365538,-327688,2273,1967,-306,3245340,3020,3020,3020,1161,7,0,106042,101130,1161,0
103100,007110,3020,2,120,4.14,80.75,1695633,1369147,-326486,2282,1971,-311,3251356,3015,3020,3015,3352,7,2,106312,115965,399,2953
103100,007110,3020,2,120,4.14,80.64,1697783,1369147,-328636,2307,1971,-336,3253506,3015,3020,3015,5502,32,2,106299,115802,2549,2953
103200,007110,3020,2,120,4.14,80.57,1699222,1369147,-330075,2318,1971,-347,3254945,3020,3020,3020,1308,8,0,108684,117771,1308,0
103200,007110,3020,2,120,4.14,80.45,1701952,1369147,-332805,2330,1971,-359,3257675,3020,3020,3020,4038,20,0,109084,114263,4038,0
103300,007110,3025,2,125,4.31,80.53,1702675,1371112,-331563,2335,1973,-362,3260363,3025,3025,3020,2677,3,2,111599,112066,712,1965
103300,007110,3030,2,130,4.48,80.51,1703285,1371322,-331963,2339,1975,-364,3261183,3025,3030,3020,3497,7,4,112492,117499,1322,2175
103400,007110,3035,2,135,4.66,80.99,1703338,1379494,-323844,2341,1982,-359,3269408,3030,3035,3030,2000,0,2,110509,115719,0,2000
103400,007110,3030,2,130,4.48,80.96,1703950,1379495,-324455,2349,1983,-366,3270021,3030,3035,3025,2613,8,3,121909,116351,612,2001
103500,007110,3025,2,125,4.31,80.84,1706556,1379499,-327057,2352,1984,-368,3272631,3025,3025,3025,0,0,0,125981,115054,0,0
103500,007110,3025,2,125,4.31,80.76,1708127,1379523,-328604,2367,1985,-382,3274226,3025,3025,3020,1595,15,1,126783,112239,1571,24
103600,007110,3030,2,130,4.48,80.79,1708873,1380632,-328241,2377,1986,-391,3276081,3030,3030,3030,149,4,0,136006,103837,149,0
103600,007110,3030,2,130,4.48,80.7,1710836,1380632,-330204,2383,1986,-397,3278044,3030,3030,3030,2112,10,0,135703,105120,2112,0
103700,007110,3025,2,125,4.31,80.57,1713556,1380632,-332924,2393,1986,-407,3280764,3030,3030,3025,2432,7,0,128447,122949,2432,0
103700,007110,3025,2,125,4.31,80.58,1713788,1380905,-332883,2402,1988,-414,3281269,3030,3030,3025,2937,16,2,130215,121303,2664,273
103800,007110,3030,2,130,4.48,80.63,1713858,1381855,-332003,2404,1989,-415,3282289,3030,3030,3030,950,0,1,130464,121104,0,950
103800,007110,3030,2,130,4.48,81.01,1713966,1388547,-325419,2407,1993,-414,3289089,3030,3030,3030,7750,3,5,140123,100011,108,7642
103900,007110,3025,2,125,4.31,80.96,1715142,1388554,-326588,2411,1994,-417,3290272,3030,3030,3025,1032,2,1,134836,118576,1025,7
103900,007110,3030,2,130,4.48,80.96,1715167,1388555,-326612,2413,1995,-418,3290298,3030,3030,3025,1058,4,2,138091,118725,1050,8
104000,007110,3025,2,125,4.31,80.68,1721766,1389121,-332645,2416,1998,-418,3297463,3030,3030,3025,7161,3,2,132713,111934,6599,562
104000,007110,3025,2,125,4.31,80.62,1722967,1389121,-333846,2424,1998,-426,3298664,3030,3030,3025,8362,11,2,126515,107739,7800,562
104100,007110,3025,2,125,4.31,80.78,1723762,1392447,-331315,2439,2000,-439,3302785,3030,3030,3025,3287,13,1,126329,107430,782,2505
104100,007110,3025,2,125,4.31,80.69,1725686,1392447,-333239,2442,2000,-442,3304709,3030,3030,3025,5211,16,1,125917,106082,2706,2505
104200,007110,3030,2,130,4.48,80.69,1725686,1392491,-333195,2442,2002,-440,3304753,3030,3030,3030,5,0,1,125968,116004,0,5
104200,007110,3025,2,125,4.31,80.67,1726148,1392491,-333657,2446,2002,-444,3305215,3030,3030,3025,467,4,1,128700,116141,462,5
104300,007110,3025,2,125,4.31,80.67,1726273,1392517,-333756,2448,2004,-444,3305366,3025,3030,3025,151,2,2,129426,116087,125,26
104300,007110,3040,2,140,4.83,81.55,1726739,1408181,-318558,2452,2007,-445,3321496,3025,3040,3025,16281,6,5,130526,116121,591,15690
104400,007110,3035,2,135,4.66,81.56,1726739,1408364,-318375,2452,2011,-441,3321679,3035,3035,3030,124,0,3,127497,119903,0,124
104400,007110,3030,2,130,4.48,81.57,1726747,1408491,-318256,2453,2015,-438,3321814,3035,3035,3025,259,1,7,128325,123325,8,251
104500,007110,3025,2,125,4.31,81.5,1728252,1408591,-319661,2456,2016,-440,3323419,3025,3025,3025,1505,3,0,130083,122709,1505,0
104500,007110,3020,2,120,4.14,81.2,1734822,1408592,-326230,2460,2017,-443,3329990,3025,3030,3020,8076,7,1,128194,123993,8075,1
104600,007110,3020,2,120,4.14,81.87,1734915,1420395,-314520,2465,2023,-442,3341886,3020,3035,3020,11896,5,6,135799,129189,93,11803
104700,007110,3025,2,125,4.31,81.87,1734919,1420395,-314524,2469,2023,-446,3341890,3025,3025,3025,0,0,0,126655,117486,0,0
104700,007110,3025,2,125,4.31,81.84,1736059,1420716,-315343,2477,2024,-453,3343351,3025,3025,3020,1461,8,1,127071,114758,1140,321
104800,007110,3025,2,125,4.31,81.83,1736152,1420736,-315416,2479,2025,-454,3343464,3025,3025,3025,0,0,0,122592,126443,0,0
104800,007110,3030,2,130,4.48,81.85,1736152,1421040,-315112,2479,2027,-452,3343768,3025,3030,3025,304,0,2,122772,127593,0,304
104900,007110,3020,2,120,4.14,81.78,1737732,1421040,-316692,2483,2027,-456,3345348,3020,3020,3020,1452,1,0,127783,124064,1452,0
104900,007110,3020,2,120,4.14,81.72,1738922,1421040,-317882,2492,2027,-465,3346538,3020,3020,3020,2642,10,0,121224,122200,2642,0
105000,007110,3025,2,125,4.31,81.43,1746762,1422384,-324378,2503,2029,-474,3355722,3025,3025,3025,0,0,0,119628,110521,0,0
105000,007110,3025,2,125,4.31,81.39,1747599,1422384,-325215,2512,2029,-483,3356559,3025,3025,3025,837,9,0,122575,111263,837,0
105100,007110,3025,2,125,4.31,81.14,1754209,1423298,-330911,2516,2032,-484,3364083,3020,3025,3020,774,2,1,123829,103665,108,666
105100,007110,3020,2,120,4.14,80.55,1768215,1424347,-343868,2528,2033,-495,3379138,3020,3025,3015,15829,14,2,129196,101892,14114,1715
105200,007110,3020,2,120,4.14,80.54,1768565,1424348,-344217,2529,2034,-495,3379489,3020,3020,3020,1,0,1,123584,131479,0,1
105200,007110,3015,2,115,3.97,80.51,1774412,1428645,-345767,2543,2038,-505,3389633,3020,3025,3015,10145,14,5,120127,132351,5847,4298
105300,007110,3015,2,115,3.97,80.47,1775435,1428645,-346790,2547,2038,-509,3390656,3015,3015,3015,6,2,0,120625,131233,6,0
105300,007110,3020,2,120,4.14,80.46,1775706,1428648,-347058,2551,2040,-511,3390930,3015,3020,3015,280,6,2,119347,131272,277,3
105400,007110,3015,2,115,3.97,80.45,1775759,1428648,-347111,2554,2040,-514,3390983,3015,3015,3015,3,2,0,119759,132445,3,0
105400,007110,3020,2,120,4.14,80.43,1777769,1429906,-347863,2556,2042,-514,3394251,3015,3020,3015,3271,4,2,122149,130975,2013,1258
105500,007110,3020,2,120,4.14,80.43,1777879,1429910,-347969,2557,2043,-514,3394365,3015,3020,3015,114,1,1,126600,130475,110,4
105500,007110,3020,2,120,4.14,80.46,1778113,1430690,-347423,2597,2083,-514,3395379,3015,3020,3015,1128,41,41,124153,148127,344,784
105600,007110,3020,2,120,4.14,80.51,1778200,1431570,-346630,2647,2146,-501,3396346,3020,3020,3015,846,27,38,123539,149440,27,819
105600,007110,3025,2,125,4.31,80.68,1779742,1435959,-343783,2708,2234,-474,3402277,3020,3025,3015,6777,88,126,128950,127453,1569,5208
105700,007110,3030,2,130,4.48,81.25,1780123,1446387,-333736,2768,2315,-453,3413086,3020,3030,3020,5674,39,51,122782,116778,360,5314
105700,007110,3025,2,125,4.31,81.29,1780214,1447169,-333045,2827,2394,-433,3413959,3020,3030,3020,6547,98,130,122371,117882,451,6096
105800,007110,3025,2,125,4.31,81.35,1780273,1448239,-332034,2886,2483,-403,3415088,3025,3030,3025,1013,42,63,127472,119892,42,971
105800,007110,3030,2,130,4.48,81.24,1782938,1448494,-334444,2947,2568,-379,3418008,3025,3030,3025,3933,103,148,135686,117139,2707,1226
105900,007110,3030,2,130,4.48,81.27,1783000,1449073,-333927,3007,2657,-350,3418649,3030,3030,3025,191,45,64,136718,120127,47,144
105900,007110,3025,2,125,4.31,81.28,1783159,1449381,-333778,3067,2746,-321,3419116,3030,3030,3025,658,105,153,136736,121517,206,452
110000,007110,3030,2,130,4.48,81.33,1783234,1450226,-333008,3127,2831,-296,3420036,3025,3030,3025,836,47,67,138242,121888,54,782
110000,007110,3030,2,130,4.48,81.61,1783393,1455441,-327952,3186,2926,-260,3425410,3025,3030,3025,6210,106,162,133257,123473,213,5997
110100,007110,3030,2,130,4.48,81.88,1783551,1460456,-323095,3250,3024,-226,3430583,3025,3030,3025,5117,54,86,132644,123222,141,4976
110100,007110,3030,2,130,4.48,81.93,1784330,1461967,-322363,3312,3132,-180,3432873,3025,3030,3025,7407,116,194,135412,121523,920,6487
110200,007110,3035,2,135,4.66,82.18,1788096,1469533,-318563,3379,3198,-181,3444205,3025,3035,3025,11319,61,59,146496,107700,3760,7559
110200,007110,3030,2,130,4.48,81.93,1794218,1470042,-324176,3393,3208,-185,3450836,3025,3035,3025,17950,75,69,137686,125733,9882,8068
110300,007110,3020,2,120,4.14,81.47,1804448,1470042,-334406,3397,3208,-189,3461066,3025,3025,3020,10230,4,0,129450,124785,10230,0
110400,007110,3020,2,120,4.14,81.4,1806119,1470142,-335977,3400,3209,-191,3462837,3020,3020,3020,0,0,0,132905,121033,0,0
110400,007110,3015,2,115,3.97,81.31,1808061,1470147,-337914,3411,3210,-201,3464784,3020,3020,3015,1947,11,1,121326,147722,1942,5
110500,007110,3020,2,120,4.14,81.25,1809352,1470171,-339181,3423,3212,-211,3466099,3020,3020,3020,0,0,0,127596,120580,0,0
110500,007110,3015,2,115,3.97,81.07,1813481,1470171,-343310,3426,3212,-214,3470228,3015,3015,3015,4129,3,0,117615,146151,4129,0
110600,007110,3015,2,115,3.97,80.91,1816973,1470171,-346802,3432,3212,-220,3473720,3015,3015,3015,0,0,0,117631,141129,0,0
110600,007110,3015,2,115,3.97,80.88,1817614,1470171,-347443,3436,3212,-224,3474361,3015,3015,3015,641,4,0,124767,144371,641,0
110700,007110,3015,2,115,3.97,80.84,1818608,1470186,-348422,3439,3215,-224,3475370,3015,3015,3015,0,0,0,115271,150667,0,0
110700,007110,3010,2,110,3.79,80.77,1820151,1470192,-349959,3446,3217,-229,3476919,3015,3015,3010,1549,7,2,115587,150899,1543,6
110800,007110,3015,2,115,3.97,80.77,1820305,1470221,-350084,3449,3220,-229,3477102,3015,3015,3015,0,0,0,115476,152845,0,0
110800,007110,3010,2,110,3.79,80.77,1820434,1470323,-350111,3453,3223,-230,3477333,3015,3015,3010,231,4,3,116088,154681,129,102
110900,007110,3015,2,115,3.97,80.74,1821206,1470426,-350780,3461,3226,-235,3478208,3015,3015,3015,0,0,0,125434,159205,0,0
110900,007110,3015,2,115,3.97,80.71,1821823,1470426,-351397,3468,3226,-242,3478825,3015,3015,3015,617,7,0,125715,164192,617,0
111000,007110,3015,2,115,3.97,80.7,1822107,1470426,-351681,3471,3226,-245,3479109,3015,3015,3015,0,0,0,126619,144106,0,0
111000,007110,3015,2,115,3.97,80.67,1822703,1470435,-352268,3478,3227,-251,3479714,3015,3020,3015,605,7,1,127576,143685,596,9
111100,007110,3015,2,115,3.97,80.65,1823203,1470435,-352768,3479,3227,-252,3480214,3015,3015,3015,0,0,0,128076,143633,0,0
111100,007110,3010,2,110,3.79,80.58,1824762,1470435,-354327,3485,3227,-258,3481773,3015,3015,3010,1559,6,0,120629,147875,1559,0
111200,007110,3010,2,110,3.79,80.53,1826001,1470565,-355436,3488,3229,-259,3483142,3010,3010,3010,11,2,0,121699,148239,11,0
111200,007110,3015,2,115,3.97,80.53,1826228,1470582,-355646,3492,3230,-262,3483386,3010,3015,3010,255,6,1,129728,144791,238,17
111300,007110,3015,2,115,3.97,80.45,1827985,1470582,-357403,3500,3230,-270,3485143,3015,3015,3015,347,3,0,129622,143544,347,0
111300,007110,3015,2,115,3.97,80.42,1828614,1470582,-358032,3510,3230,-280,3485772,3015,3015,3015,976,13,0,129618,143416,976,0
111400,007110,3010,2,110,3.79,80.38,1829438,1470582,-358856,3513,3230,-283,3486596,3010,3010,3010,0,0,0,121541,149412,0,0
111400,007110,3010,2,110,3.79,79.69,1845714,1470924,-374790,3520,3231,-289,3503214,3015,3015,3010,16618,7,1,129836,143306,16276,342
111500,007110,3010,2,110,3.79,79.68,1846137,1471024,-375113,3523,3232,-291,3503737,3015,3015,3010,300,1,1,128290,139745,200,100
111500,007110,3010,2,110,3.79,79.68,1846166,1471024,-375142,3526,3232,-294,3503766,3015,3015,3010,329,4,1,128621,139029,229,100
111600,007110,3010,2,110,3.79,79.61,1847729,1471028,-376701,3530,3233,-297,3505333,3010,3010,3010,563,3,0,129330,141415,563,0
111600,007110,3010,2,110,3.79,79.6,1848020,1471028,-376992,3535,3233,-302,3505624,3010,3010,3010,854,8,0,129781,141421,854,0
111700,007110,3010,2,110,3.79,79.51,1850007,1471028,-378979,3543,3233,-310,3507611,3010,3010,3010,1959,4,0,133022,145900,1959,0
111700,007110,3010,2,110,3.79,79.42,1852252,1471028,-381224,3545,3233,-312,3509856,3010,3010,3010,4204,6,0,131957,142443,4204,0
111800,007110,3005,2,105,3.62,79.17,1858013,1471028,-386985,3551,3233,-318,3515617,3005,3005,3005,1103,4,0,114789,144997,1103,0
111800,007110,3005,2,105,3.62,79.19,1858223,1471528,-386695,3555,3234,-321,3516327,3005,3010,3005,1813,8,1,114073,143765,1313,500
111900,007110,3005,2,105,3.62,79.19,1860314,1473119,-387195,3560,3238,-322,3520009,3010,3010,3005,3682,5,4,114345,141253,2091,1591
111900,007110,3005,2,105,3.62,79.18,1860417,1473119,-387298,3562,3238,-324,3520112,3010,3010,3005,3785,7,4,114440,141431,2194,1591
112000,007110,3005,2,105,3.62,79.16,1861026,1473119,-387907,3567,3238,-329,3520721,3005,3005,3005,609,5,0,120501,141812,609,0
112000,007110,3010,2,110,3.79,79.18,1861804,1474122,-387682,3568,3240,-328,3522502,3005,3010,3005,2390,6,2,119652,142087,1387,1003
112100,007110,3010,2,110,3.79,79.19,1861807,1474424,-387383,3570,3245,-325,3522807,3010,3010,3005,305,2,5,120101,149823,3,302
112100,007110,3010,2,110,3.79,79.37,1861902,1477704,-384198,3571,3249,-322,3526182,3010,3010,3005,3680,3,9,134253,150098,98,3582
112200,007110,3010,2,110,3.79,79.33,1862763,1477706,-385057,3579,3250,-329,3527045,3015,3015,3010,863,8,1,133436,149874,861,2
112300,007110,3015,2,115,3.97,79.33,1862763,1477731,-385032,3579,3251,-328,3527070,3015,3015,3015,0,0,0,138235,149892,0,0
112300,007110,3015,2,115,3.97,79.81,1865017,1488552,-376465,3582,3257,-325,3540145,3010,3015,3010,13075,3,6,128151,147660,2254,10821
112400,007110,3010,2,110,3.79,79.81,1865084,1488552,-376532,3586,3257,-329,3540212,3010,3010,3010,0,0,0,128415,147643,0,0
112400,007110,3015,2,115,3.97,79.73,1867084,1488581,-378503,3587,3258,-329,3542241,3010,3015,3010,2029,1,1,128799,145623,2000,29
112500,007110,3010,2,110,3.79,79.73,1867086,1488581,-378505,3588,3258,-330,3542243,3010,3010,3010,0,0,0,134695,149741,0,0
112500,007110,3010,2,110,3.79,79.72,1867181,1488581,-378600,3594,3258,-336,3542338,3010,3010,3010,95,6,0,138464,150847,95,0
112600,007110,3010,2,110,3.79,79.7,1867707,1488582,-379125,3597,3259,-338,3542865,3010,3010,3010,0,0,0,137662,150301,0,0
112600,007110,3010,2,110,3.79,79.39,1875565,1489049,-386516,3602,3261,-341,3551190,3010,3010,3005,8325,5,2,126131,148508,7858,467
112700,007110,3010,2,110,3.79,79.46,1875775,1490436,-385339,3607,3264,-343,3552787,3010,3010,3010,2,1,0,138357,141064,2,0
112700,007110,3015,2,115,3.97,79.44,1876291,1490437,-385854,3610,3265,-345,3553304,3010,3015,3010,519,4,1,137548,143980,518,1
112800,007110,3010,2,110,3.79,79.47,1876301,1491099,-385202,3612,3267,-345,3553976,3010,3010,3010,2,1,0,118578,143972,2,0
112800,007110,3010,2,110,3.79,79.46,1876443,1491099,-385344,3618,3267,-351,3554118,3010,3010,3010,144,7,0,118610,144910,144,0
112900,007110,3015,2,115,3.97,79.45,1877778,1491837,-385941,3622,3271,-351,3556191,3010,3015,3010,1406,1,2,117908,154585,1000,406
112900,007110,3015,2,115,3.97,79.46,1877998,1492255,-385743,3624,3275,-349,3556829,3010,3015,3010,2044,3,6,117479,154485,1220,824
113000,007110,3010,2,110,3.79,79.43,1878772,1492255,-386517,3628,3275,-353,3557603,3010,3010,3010,603,2,0,119957,153897,603,0
113000,007110,3010,2,110,3.79,79.3,1882094,1492555,-389539,3631,3277,-354,3561225,3010,3010,3005,4225,5,2,106836,156636,3925,300
113100,007110,3005,2,105,3.62,79.28,1882695,1492555,-390140,3633,3277,-356,3561826,3005,3005,3005,433,1,0,106853,156668,433,0
113100,007110,3010,2,110,3.79,79.27,1882793,1492570,-390223,3639,3279,-360,3561939,3005,3010,3005,546,7,2,107206,156152,531,15
113200,007110,3010,2,110,3.79,79.22,1884084,1492573,-391511,3642,3280,-362,3563233,3005,3010,3005,1283,1,1,106329,154752,1280,3
113200,007110,3010,2,110,3.79,79.22,1884084,1492573,-391511,3642,3280,-362,3563233,3005,3010,3005,1283,1,1,106329,154752,1280,3
113300,007110,3010,2,110,3.79,79.27,1887559,1496276,-391283,3647,3286,-361,3570411,3010,3010,3005,5626,2,3,108824,155758,3459,2167
113300,007110,3005,2,105,3.62,79.29,1887561,1496666,-390895,3648,3287,-361,3570803,3010,3010,3005,6018,3,4,108481,154758,3461,2557
113400,007110,3010,2,110,3.79,79.29,1887736,1496832,-390904,3650,3288,-362,3571144,3005,3010,3005,332,1,1,109481,152759,166,166
113400,007110,3005,2,105,3.62,78.97,1895375,1496832,-398543,3658,3288,-370,3578783,3005,3010,3005,7971,9,1,110378,145124,7805,166
113500,007110,3010,2,110,3.79,78.83,1899086,1497133,-401953,3662,3290,-372,3582795,3010,3010,3005,304,1,2,110111,140522,3,301
113500,007110,3005,2,105,3.62,78.84,1899094,1497267,-401827,3663,3294,-369,3582937,3010,3010,3005,446,2,6,109510,146342,11,435
113600,007110,3010,2,110,3.79,79.04,1899173,1501018,-398155,3665,3299,-366,3586767,3010,3010,3010,3829,2,4,117724,145168,79,3750
113600,007110,3010,2,110,3.79,78.87,1903078,1501018,-402060,3671,3299,-372,3590672,3010,3010,3010,7734,8,4,117354,145390,3984,3750
113700,007110,3010,2,110,3.79,78.99,1903203,1503371,-399832,3679,3300,-379,3593150,3010,3010,3010,2476,7,1,117466,147922,123,2353
113700,007110,3010,2,110,3.79,78.99,1903245,1503371,-399874,3680,3300,-380,3593192,3010,3010,3010,2518,8,1,117366,155191,165,2353
113800,007110,3010,2,110,3.79,78.99,1903254,1503389,-399865,3682,3301,-381,3593219,3010,3010,3010,9,2,0,117348,155403,9,0
113800,007110,3010,2,110,3.79,78.93,1904723,1503389,-401334,3685,3301,-384,3594688,3010,3010,3010,1478,5,0,117393,148868,1478,0
113900,007110,3010,2,110,3.79,78.93,1904725,1503389,-401336,3686,3301,-385,3594690,3010,3010,3010,2,1,0,117396,149452,2,0
113900,007110,3010,2,110,3.79,78.93,1904736,1503409,-401327,3688,3302,-386,3594721,3010,3015,3010,33,3,1,117709,151524,13,20
114000,007110,3010,2,110,3.79,78.92,1904952,1503409,-401543,3696,3302,-394,3594937,3010,3010,3010,216,8,0,118319,150682,216,0
114100,007110,3010,2,110,3.79,78.97,1904961,1504409,-400552,3697,3303,-394,3595946,3010,3010,3010,0,0,0,116329,151563,0,0
114100,007110,3010,2,110,3.79,79.0,1904983,1504909,-400074,3699,3304,-395,3596468,3015,3015,3010,522,2,1,115829,151532,22,500
114200,007110,3015,2,115,3.97,79.24,1904986,1509485,-395501,3700,3309,-391,3601047,3015,3015,3015,0,0,0,110283,134842,0,0
114200,007110,3015,2,115,3.97,79.25,1905189,1509805,-395384,3702,3313,-389,3601570,3015,3015,3010,523,2,4,112082,133748,203,320
114300,007110,3015,2,115,3.97,79.16,1907284,1509805,-397479,3707,3313,-394,3603665,3015,3015,3015,0,0,0,121948,137804,0,0
114300,007110,3015,2,115,3.97,79.17,1907591,1510312,-397279,3717,3320,-397,3604479,3015,3020,3015,814,10,7,120066,138759,307,507
114400,007110,3015,2,115,3.97,79.17,1907711,1510423,-397288,3721,3323,-398,3604710,3015,3015,3015,0,0,0,122095,138637,0,0
114400,007110,3015,2,115,3.97,79.05,1910711,1510423,-400288,3722,3323,-399,3607710,3015,3015,3015,3000,1,0,122022,135657,3000,0
114500,007110,3015,2,115,3.97,79.05,1910713,1510423,-400290,3723,3323,-400,3607712,3015,3015,3015,0,0,0,123259,135277,0,0
114500,007110,3015,2,115,3.97,79.05,1910716,1510423,-400293,3724,3323,-401,3607715,3015,3015,3015,3,1,0,123259,135275,3,0
114600,007110,3015,2,115,3.97,79.0,1911850,1510423,-401427,3726,3323,-403,3608849,3015,3015,3015,0,0,0,122446,138291,0,0
114600,007110,3015,2,115,3.97,78.96,1912953,1510423,-402530,3733,3323,-410,3609952,3015,3015,3015,1103,7,0,126919,135458,1103,0
114700,007110,3015,2,115,3.97,78.86,1915567,1510547,-405020,3740,3324,-416,3612690,3015,3015,3015,1089,3,0,126385,134302,1089,0
114700,007110,3015,2,115,3.97,78.85,1915794,1510547,-405247,3744,3324,-420,3612917,3015,3015,3015,1316,7,0,128107,133493,1316,0
114800,007110,3010,2,110,3.79,78.37,1927830,1510780,-417050,3750,3325,-425,3625186,3015,3015,3010,11691,4,1,118245,135592,11458,233
114800,007110,3010,2,110,3.79,78.36,1927949,1510780,-417169,3754,3325,-429,3625305,3015,3015,3010,11810,8,1,118995,129782,11577,233
114900,007110,3015,2,115,3.97,78.34,1928563,1510781,-417782,3756,3326,-430,3625920,3015,3015,3015,1,0,1,122013,129516,0,1
114900,007110,3010,2,110,3.79,78.33,1928653,1510782,-417871,3760,3327,-433,3626011,3015,3015,3010,92,4,2,126513,129447,90,2
115000,007110,3010,2,110,3.79,78.33,1928673,1510782,-417891,3763,3327,-436,3626031,3010,3010,3010,17,2,0,126515,128525,17,0
115000,007110,3010,2,110,3.79,78.18,1932520,1510782,-421738,3766,3327,-439,3629878,3010,3010,3010,3864,5,0,124016,132851,3864,0
115100,007110,3010,2,110,3.79,78.19,1932520,1511112,-421408,3766,3329,-437,3630208,3010,3010,3010,330,0,2,111783,136955,0,330
115100,007110,3005,2,105,3.62,78.07,1935533,1511112,-424421,3770,3329,-441,3633221,3010,3010,3005,3343,4,2,111475,133678,3013,330
115200,007110,3005,2,105,3.62,77.98,1937865,1511112,-426753,3772,3329,-443,3635553,3005,3005,3005,2332,2,0,111591,136188,2332,0
115200,007110,3005,2,105,3.62,77.86,1940694,1511120,-429574,3777,3333,-444,3638390,3005,3010,3005,5169,7,4,112601,133975,5161,8
115300,007110,3005,2,105,3.62,77.84,1941263,1511120,-430143,3783,3333,-450,3638959,3005,3005,3005,369,5,0,114358,130681,369,0
115300,007110,3010,2,110,3.79,78.05,1941437,1515376,-426061,3789,3337,-452,3643389,3005,3010,3005,4799,11,4,122715,125859,543,4256
115400,007110,3010,2,110,3.79,78.05,1941454,1515376,-426078,3791,3337,-454,3643406,3010,3010,3010,17,2,0,122355,133200,17,0
115400,007110,3010,2,110,3.79,78.05,1941556,1515376,-426180,3793,3337,-456,3643508,3010,3010,3010,119,4,0,122681,133091,119,0
115500,007110,3010,2,110,3.79,78.05,1941650,1515376,-426274,3799,3337,-462,3643602,3010,3010,3010,94,6,0,125221,132195,94,0
115500,007110,3010,2,110,3.79,78.05,1941658,1515376,-426282,3800,3337,-463,3643610,3010,3010,3010,102,7,0,125221,132174,102,0
115600,007110,3010,2,110,3.79,77.9,1945360,1515376,-429984,3802,3337,-465,3647312,3010,3010,3010,3702,2,0,124686,136060,3702,0
115600,007110,3010,2,110,3.79,77.94,1945416,1516287,-429129,3805,3339,-466,3648279,3010,3010,3005,4669,5,2,113100,139822,3758,911
115700,007110,3010,2,110,3.79,77.94,1945416,1516289,-429127,3805,3341,-464,3648281,3010,3010,3010,2,0,2,114598,139884,0,2
115700,007110,3010,2,110,3.79,77.95,1945416,1516436,-428980,3805,3345,-460,3648428,3010,3010,3010,149,0,6,114451,141412,0,149
115800,007110,3005,2,105,3.62,77.94,1945538,1516436,-429102,3812,3345,-467,3648550,3005,3005,3005,122,7,0,114520,141317,122,0
115900,007110,3005,2,105,3.62,77.94,1945538,1516436,-429102,3812,3345,-467,3648550,3005,3005,3005,0,0,0,114520,141317,0,0
115900,007110,3010,2,110,3.79,77.91,1946553,1516469,-430084,3815,3347,-468,3649598,3005,3010,3005,1048,3,2,114863,139545,1015,33
120000,007110,3005,2,105,3.62,77.9,1946685,1516469,-430216,3820,3347,-473,3649730,3005,3005,3005,0,0,0,114369,141376,0,0
120000,007110,3005,2,105,3.62,77.9,1946693,1516469,-430224,3822,3347,-475,3649738,3005,3005,3005,8,2,0,114377,142874,8,0
120100,007110,3010,2,110,3.79,77.89,1947080,1516599,-430481,3825,3348,-477,3650255,3010,3010,3010,0,0,0,114608,142480,0,0
120100,007110,3005,2,105,3.62,77.88,1947384,1516699,-430685,3833,3349,-484,3650659,3005,3010,3005,404,8,1,114903,142730,304,100
120200,007110,3005,2,105,3.62,77.88,1947543,1516699,-430844,3835,3349,-486,3650818,3005,3005,3005,0,0,0,115525,143127,0,0
120200,007110,3010,2,110,3.79,78.04,1947543,1519832,-427711,3835,3355,-480,3653951,3010,3010,3010,3133,0,6,112081,143749,0,3133
120300,007110,3010,2,110,3.79,78.03,1947873,1519835,-428038,3836,3357,-479,3654284,3010,3010,3010,2,0,1,135121,145419,0,2
120300,007110,3010,2,110,3.79,78.02,1947923,1519854,-428069,3840,3369,-471,3654353,3010,3010,3005,71,4,13,135207,144604,50,21
120400,007110,3010,2,110,3.79,78.03,1947928,1520027,-427901,3841,3379,-462,3654531,3010,3010,3010,1,0,1,135034,144734,0,1
120400,007110,3005,2,105,3.62,78.01,1948426,1520029,-428397,3847,3380,-467,3655031,3010,3010,3005,501,6,2,134931,145138,498,3
120500,007110,3005,2,105,3.62,77.98,1949318,1520029,-429289,3851,3380,-471,3655923,3005,3005,3005,687,1,0,134931,149537,687,0
120500,007110,3010,2,110,3.79,77.98,1949319,1520030,-429289,3852,3381,-471,3655925,3005,3010,3005,689,2,1,134933,148859,688,1
120600,007110,3010,2,110,3.79,78.01,1949323,1520634,-428689,3854,3386,-468,3656533,3010,3010,3005,608,2,5,134739,148855,4,604
120600,007110,3010,2,110,3.79,77.99,1949768,1520642,-429126,3860,3394,-466,3656986,3010,3010,3005,1061,8,13,137041,151510,449,612
120700,007110,3005,2,105,3.62,78.0,1949776,1520792,-428984,3861,3397,-464,3657144,3010,3010,3005,10,1,2,137179,153110,8,2
120700,007110,3010,2,110,3.79,77.93,1951439,1520806,-430633,3868,3403,-465,3658821,3010,3010,3005,1687,8,8,135521,151587,1671,16
120800,007110,3005,2,105,3.62,77.95,1951452,1521106,-430346,3870,3404,-466,3659134,3005,3005,3005,3,1,0,135220,151898,3,0
120800,007110,3010,2,110,3.79,77.7,1957607,1521107,-436500,3872,3405,-467,3665290,3005,3010,3005,6159,3,1,135231,146193,6158,1
120900,007110,3010,2,110,3.79,77.7,1957607,1521107,-436500,3872,3405,-467,3665290,3010,3010,3010,0,0,0,135231,146193,0,0
120900,007110,3010,2,110,3.79,77.7,1957607,1521112,-436495,3872,3406,-466,3665295,3010,3010,3010,5,0,1,118864,147422,0,5
121000,007110,3005,2,105,3.62,77.7,1957719,1521112,-436607,3880,3406,-474,3665407,3005,3005,3005,99,5,0,118864,147331,99,0
121000,007110,3010,2,110,3.79,77.7,1957719,1521134,-436585,3880,3408,-472,3665429,3005,3010,3005,121,5,2,117938,148632,99,22
121100,007110,3010,2,110,3.79,77.74,1957727,1521934,-435793,3881,3410,-471,3666237,3005,3010,3005,308,1,1,117371,149254,8,300
121100,007110,3010,2,110,3.79,77.77,1957732,1522436,-435296,3883,3412,-471,3666744,3005,3010,3005,815,3,3,121760,151731,13,802
121200,007110,3005,2,105,3.62,77.75,1958160,1522436,-435724,3886,3412,-474,3667172,3005,3005,3005,120,1,0,121760,151505,120,0
121200,007110,3010,2,110,3.79,77.76,1958160,1522724,-435436,3886,3415,-471,3667460,3005,3010,3005,408,1,3,121617,151413,120,288
121300,007110,3010,2,110,3.79,77.76,1958256,1522737,-435519,3892,3417,-475,3667569,3010,3010,3005,109,6,2,120091,150426,96,13
121300,007110,3010,2,110,3.79,77.76,1958256,1522797,-435459,3892,3418,-474,3667629,3010,3010,3005,169,6,3,117640,150551,96,73
121400,007110,3010,2,110,3.79,77.68,1960312,1522817,-437495,3893,3419,-474,3669705,3005,3010,3005,2076,1,1,118506,148695,2056,20
121400,007110,3005,2,105,3.62,77.68,1960476,1522827,-437649,3897,3420,-477,3669879,3005,3010,3005,2250,5,2,119389,143921,2220,30
121500,007110,3005,2,105,3.62,77.67,1960715,1522827,-437888,3900,3420,-480,3670118,3005,3005,3005,239,3,0,119166,143688,239,0
121600,007110,3010,2,110,3.79,77.72,1960715,1523827,-436888,3900,3421,-479,3671118,3010,3010,3010,0,0,0,118386,149685,0,0
121600,007110,3005,2,105,3.62,77.72,1960808,1523878,-436930,3905,3423,-482,3671262,3010,3010,3005,144,5,2,117171,151598,93,51
121700,007110,3010,2,110,3.79,77.71,1960944,1523885,-437059,3907,3424,-483,3671405,3010,3010,3010,0,0,0,117171,151462,0,0
121700,007110,3010,2,110,3.79,77.75,1961351,1524911,-436440,3908,3431,-477,3672838,3010,3010,3005,1433,1,7,116147,144579,407,1026
121800,007110,3010,2,110,3.79,77.79,1961378,1525768,-435610,3912,3433,-479,3673722,3010,3010,3010,3,1,0,129443,136530,3,0
121800,007110,3015,2,115,3.97,77.79,1961466,1525769,-435697,3916,3434,-482,3673811,3010,3015,3010,92,5,1,131345,136439,91,1
121900,007110,3005,2,105,3.62,77.69,1964032,1525770,-438262,3919,3435,-484,3676378,3015,3015,3005,2567,3,1,131644,138242,2566,1
121900,007110,3010,2,110,3.79,77.64,1965236,1525773,-439463,3927,3437,-490,3677585,3015,3015,3005,3774,11,3,131518,137910,3770,4
122000,007110,3005,2,105,3.62,77.64,1965240,1525773,-439467,3929,3437,-492,3677589,3005,3005,3005,4,2,0,120385,146399,4,0
122000,007110,3010,2,110,3.79,77.63,1965525,1525890,-439635,3935,3438,-497,3677991,3005,3010,3005,406,8,1,133937,155580,289,117
122100,007110,3015,2,115,3.97,77.63,1965525,1525893,-439632,3935,3440,-495,3677994,3015,3015,3015,2,0,1,133941,156204,0,2
122100,007110,3010,2,110,3.79,77.68,1965640,1526893,-438747,3939,3441,-498,3679109,3015,3015,3010,1117,4,2,132939,157041,115,1002
122200,007110,3010,2,110,3.79,77.68,1965640,1526893,-438747,3939,3441,-498,3679109,3010,3010,3010,0,0,0,132939,157041,0,0
122200,007110,3010,2,110,3.79,77.65,1966399,1526893,-439506,3945,3441,-504,3679868,3010,3010,3010,759,6,0,133111,156079,759,0
122300,007110,3010,2,110,3.79,77.6,1967823,1526942,-440881,3948,3443,-505,3681341,3005,3010,3005,4,1,1,119037,162153,3,1
122300,007110,3005,2,105,3.62,77.6,1967826,1526943,-440883,3949,3444,-505,3681345,3005,3010,3005,8,2,2,120970,161196,6,2
122400,007110,3005,2,105,3.62,77.57,1968536,1526943,-441593,3951,3444,-507,3682055,3005,3005,3005,700,1,0,121480,161184,700,0
122400,007110,3005,2,105,3.62,77.36,1973784,1526949,-446835,3957,3446,-511,3687309,3005,3010,3005,5954,7,2,122307,154873,5948,6
122500,007110,3005,2,105,3.62,77.34,1974307,1526949,-447358,3964,3446,-518,3687832,3005,3005,3005,523,7,0,122307,155943,523,0
122500,007110,3005,2,105,3.62,77.36,1974415,1527442,-446973,3970,3448,-522,3688433,3005,3010,3005,1124,13,2,122917,155949,631,493
122600,007110,3005,2,105,3.62,77.36,1974459,1527442,-447017,3973,3448,-525,3688477,3005,3005,3005,4,2,0,122917,155707,4,0
122600,007110,3005,2,105,3.62,77.31,1975736,1527442,-448294,3977,3448,-529,3689754,3005,3005,3005,1281,6,0,122510,153771,1281,0
122700,007110,3005,2,105,3.62,77.31,1975744,1527442,-448302,3978,3448,-530,3689762,3005,3005,3005,0,0,0,122510,153721,0,0
122700,007110,3005,2,105,3.62,77.31,1975820,1527442,-448378,3980,3448,-532,3689838,3005,3005,3005,76,2,0,122510,153812,76,0
122800,007110,3005,2,105,3.62,77.3,1976032,1527442,-448590,3983,3448,-535,3690050,3005,3005,3005,209,2,0,122540,154466,209,0
122800,007110,3005,2,105,3.62,77.28,1976624,1527442,-449182,3989,3448,-541,3690642,3005,3005,3005,801,8,0,122540,153886,801,0
122900,007110,3010,2,110,3.79,77.34,1976929,1529016,-447913,3995,3449,-546,3692521,3010,3010,3010,1879,6,1,134779,146565,305,1574
122900,007110,3015,2,115,3.97,77.34,1976932,1529036,-447896,3996,3452,-544,3692544,3010,3015,3010,1902,7,4,130146,147210,308,1594
123000,007110,3010,2,110,3.79,77.34,1976945,1529036,-447909,3998,3452,-546,3692557,3010,3010,3010,13,2,0,130445,147207,13,0
123100,007110,3010,2,110,3.79,77.34,1976953,1529036,-447917,3999,3452,-547,3692565,3010,3010,3010,0,0,0,130558,147368,0,0
123100,007110,3010,2,110,3.79,77.34,1977054,1529036,-448018,4006,3452,-554,3692666,3010,3010,3010,101,7,0,130615,147830,101,0
123200,007110,3010,2,110,3.79,77.3,1977998,1529037,-448961,4011,3453,-558,3693611,3010,3010,3010,637,1,0,130814,148347,637,0
123200,007110,3010,2,110,3.79,77.27,1979523,1529513,-450010,4012,3455,-557,3695612,3010,3010,3010,2638,2,2,131508,149255,2162,476
123300,007110,3015,2,115,3.97,77.29,1979533,1530040,-449493,4016,3460,-556,3696149,3015,3015,3015,0,0,0,130913,149433,0,0
123300,007110,3010,2,110,3.79,77.29,1979536,1530042,-449494,4017,3462,-555,3696154,3015,3015,3010,5,1,2,131405,150172,3,2
123400,007110,3010,2,110,3.79,77.24,1980886,1530042,-450844,4019,3462,-557,3697504,3010,3010,3010,0,0,0,131315,150189,0,0
123400,007110,3015,2,115,3.97,77.27,1980979,1530674,-450305,4024,3464,-560,3698229,3015,3015,3010,725,5,2,131236,152033,93,632
123500,007110,3010,2,110,3.79,77.27,1980999,1530674,-450325,4027,3464,-563,3698249,3010,3010,3010,12,2,0,130704,154821,12,0
123500,007110,3015,2,115,3.97,77.27,1981070,1530677,-450393,4029,3465,-564,3698323,3010,3015,3010,86,4,1,131155,154741,83,3
123600,007110,3015,2,115,3.97,77.29,1981073,1531147,-449926,4030,3467,-563,3698796,3010,3015,3010,473,1,2,130811,154095,3,470
123600,007110,3010,2,110,3.79,77.23,1982584,1531147,-451437,4033,3467,-566,3700307,3010,3015,3010,1984,4,2,131261,154487,1514,470
123700,007110,3010,2,110,3.79,77.54,1982674,1537314,-445360,4037,3470,-567,3706564,3010,3010,3005,6257,4,3,118858,155022,90,6167
123800,007110,3005,2,105,3.62,77.54,1982677,1537324,-445353,4038,3471,-567,3706577,3005,3005,3005,0,0,0,119453,155739,0,0
123800,007110,3010,2,110,3.79,77.54,1982767,1537453,-445314,4045,3475,-570,3706796,3010,3010,3005,219,7,4,119446,155799,90,129
123900,007110,3015,2,115,3.97,77.55,1982775,1537553,-445222,4046,3477,-569,3706904,3015,3015,3015,0,0,0,124056,155801,0,0
123900,007110,3005,2,105,3.62,77.54,1982897,1537553,-445344,4048,3477,-571,3707026,3010,3010,3005,122,2,0,124810,155801,122,0
124000,007110,3005,2,105,3.62,77.54,1982900,1537553,-445347,4049,3477,-572,3707029,3005,3005,3005,3,1,0,124820,155779,3,0
124000,007110,3015,2,115,3.97,77.54,1983090,1537653,-445437,4054,3479,-575,3707319,3005,3015,3005,293,6,2,124820,155586,193,100
124100,007110,3010,2,110,3.79,77.54,1983093,1537663,-445430,4055,3480,-575,3707332,3005,3010,3005,13,1,1,124407,155986,3,10
124100,007110,3005,2,105,3.62,77.54,1983100,1537663,-445437,4056,3480,-576,3707339,3005,3010,3005,20,2,1,124810,157050,10,10
124200,007110,3005,2,105,3.62,77.53,1983423,1537684,-445739,4059,3481,-578,3707683,3005,3005,3005,0,0,0,125738,156729,0,0
124200,007110,3005,2,105,3.62,77.53,1983435,1537686,-445749,4062,3482,-580,3707697,3005,3010,3005,14,3,1,125728,156738,12,2
124300,007110,3005,2,105,3.62,77.53,1983435,1537686,-445749,4062,3482,-580,3707697,3005,3005,3005,0,0,0,125728,156738,0,0
124300,007110,3005,2,105,3.62,77.52,1983528,1537720,-445808,4067,3483,-584,3707824,3005,3010,3005,127,5,1,125694,156645,93,34
124400,007110,3005,2,105,3.62,77.52,1983728,1537720,-446008,4068,3483,-585,3708024,3005,3005,3005,200,1,0,127194,155927,200,0
124400,007110,3010,2,110,3.79,77.52,1983731,1537733,-445998,4069,3484,-585,3708040,3005,3010,3005,216,2,1,125948,156343,203,13
124500,007110,3005,2,105,3.62,77.54,1983733,1538271,-445462,4070,3485,-585,3708580,3010,3010,3005,540,1,1,125513,156343,2,538
124500,007110,3010,2,110,3.79,77.55,1983733,1538321,-445412,4070,3486,-584,3708630,3010,3010,3005,590,1,2,125513,158383,2,588
124600,007110,3010,2,110,3.79,77.54,1983826,1538322,-445504,4075,3487,-588,3708724,3005,3010,3005,94,5,1,126502,159591,93,1
124600,007110,3005,2,105,3.62,77.59,1984147,1539567,-444580,4085,3489,-596,3710290,3005,3010,3005,1660,15,3,125384,159370,414,1246
124700,007110,3010,2,110,3.79,77.64,1984317,1540720,-443597,4094,3493,-601,3711613,3010,3015,3010,1265,7,4,124237,158699,112,1153
124800,007110,3015,2,115,3.97,77.68,1984320,1541321,-442999,4095,3495,-600,3712217,3015,3015,3015,0,0,0,138077,153201,0,0
124800,007110,3010,2,110,3.79,77.67,1984325,1541321,-443004,4097,3495,-602,3712222,3010,3010,3010,5,2,0,137074,154205,5,0
124900,007110,3015,2,115,3.97,77.69,1984335,1541653,-442682,4098,3496,-602,3712564,3015,3015,3015,0,0,0,137205,154465,0,0
124900,007110,3010,2,110,3.79,77.69,1984428,1541653,-442775,4103,3496,-607,3712657,3010,3010,3010,93,5,0,138548,155934,93,0
125000,007110,3010,2,110,3.79,77.65,1985586,1541863,-443723,4105,3498,-607,3714025,3010,3010,3010,10,1,0,138338,153990,10,0
125000,007110,3010,2,110,3.79,77.61,1986650,1541863,-444787,4109,3498,-611,3715089,3010,3010,3010,1074,5,0,138360,154819,1074,0
125100,007110,3005,2,105,3.62,77.56,1988050,1541863,-446187,4111,3498,-613,3716489,3005,3005,3005,0,0,0,125901,160968,0,0
125100,007110,3005,2,105,3.62,77.51,1989154,1541863,-447291,4112,3498,-614,3717593,3005,3005,3005,1104,1,0,125565,160968,1104,0
125200,007110,3005,2,105,3.62,77.51,1989156,1541863,-447293,4113,3498,-615,3717595,3005,3005,3005,0,0,0,125922,159562,0,0
125200,007110,3005,2,105,3.62,77.52,1989287,1542070,-447217,4121,3501,-620,3717933,3010,3010,3005,338,8,3,126687,164439,131,207
125300,007110,3010,2,110,3.79,77.6,1989287,1543717,-445570,4121,3507,-614,3719580,3010,3010,3010,150,0,2,125104,165171,0,150
125300,007110,3010,2,110,3.79,77.6,1989290,1543747,-445543,4122,3508,-614,3719613,3010,3010,3005,183,1,3,125054,167668,3,180
125400,007110,3010,2,110,3.79,77.6,1989290,1543747,-445543,4122,3508,-614,3719613,3010,3010,3010,0,0,0,125054,167668,0,0
125400,007110,3010,2,110,3.79,77.6,1989348,1543808,-445540,4126,3509,-617,3719732,3005,3010,3005,119,4,1,138818,158718,58,61
125500,007110,3010,2,110,3.79,77.6,1989350,1543808,-445542,4127,3509,-618,3719734,3010,3010,3010,2,1,0,138979,159303,2,0
125500,007110,3010,2,110,3.79,77.6,1989517,1543808,-445709,4135,3509,-626,3719901,3010,3010,3010,169,9,0,138777,159796,169,0
125600,007110,3010,2,110,3.79,77.62,1990080,1544622,-445458,4137,3514,-623,3721278,3010,3010,3010,802,0,4,125125,166684,0,802
125600,007110,3010,2,110,3.79,77.64,1990094,1545191,-444903,4140,3515,-625,3721861,3010,3010,3010,1385,3,5,138457,158798,14,1371
125700,007110,3015,2,115,3.97,77.65,1990097,1545221,-444876,4141,3517,-624,3721894,3015,3015,3015,10,0,1,138557,160958,0,10
125700,007110,3015,2,115,3.97,77.66,1990108,1545440,-444668,4143,3520,-623,3722124,3015,3015,3010,240,2,4,138529,161447,11,229
125800,007110,3010,2,110,3.79,77.65,1990168,1545440,-444728,4146,3520,-626,3722184,3010,3010,3010,60,3,0,139828,161190,60,0
125800,007110,3010,2,110,3.79,77.66,1990226,1545607,-444619,4150,3521,-629,3722409,3010,3015,3010,285,7,1,139778,161123,118,167
125900,007110,3010,2,110,3.79,77.66,1990229,1545607,-444622,4151,3521,-630,3722412,3010,3010,3010,3,1,0,139761,161708,3,0
125900,007110,3010,2,110,3.79,77.61,1991560,1545607,-445953,4155,3521,-634,3723743,3010,3010,3010,1334,5,0,139141,163671,1334,0
130000,007110,3010,2,110,3.79,77.61,1991583,1545643,-445940,4157,3523,-634,3723802,3015,3015,3010,59,2,2,140982,166307,23,36
130100,007110,3010,2,110,3.79,77.6,1992086,1545843,-446243,4159,3524,-635,3724505,3010,3010,3010,0,0,0,141159,165787,0,0
130100,007110,3010,2,110,3.79,77.58,1992522,1545843,-446679,4165,3524,-641,3724941,3010,3010,3010,436,6,0,141633,165548,436,0
130200,007110,3010,2,110,3.79,77.58,1992702,1545843,-446859,4167,3524,-643,3725121,3010,3010,3010,178,1,0,143669,165214,178,0
130200,007110,3010,2,110,3.79,77.54,1993559,1545843,-447716,4177,3524,-653,3725978,3010,3010,3010,1035,11,0,138671,165685,1035,0
130300,007110,3010,2,110,3.79,77.54,1993644,1545843,-447801,4181,3524,-657,3726063,3010,3010,3010,9,1,0,138681,166816,9,0
130300,007110,3015,2,115,3.97,77.72,1993644,1549506,-444138,4181,3527,-654,3729726,3010,3015,3010,3672,1,3,136021,167728,9,3663
130400,007110,3010,2,110,3.79,77.68,1994646,1549506,-445140,4183,3527,-656,3730728,3010,3010,3010,0,0,0,136090,167725,0,0
130400,007110,3010,2,110,3.79,77.67,1994888,1549506,-445382,4189,3527,-662,3730970,3010,3010,3010,242,6,0,135091,167024,242,0
130500,007110,3010,2,110,3.79,77.62,1996388,1549506,-446882,4190,3527,-663,3732470,3010,3010,3010,0,0,0,135095,168024,0,0
130500,007110,3015,2,115,3.97,77.61,1996547,1549508,-447039,4193,3529,-664,3732631,3015,3015,3010,161,3,2,135113,166565,159,2
130600,007110,3010,2,110,3.79,77.61,1996550,1549508,-447042,4194,3529,-665,3732634,3010,3010,3010,0,0,0,135112,166229,0,0
130600,007110,3010,2,110,3.79,77.54,1998236,1549508,-448728,4201,3529,-672,3734320,3010,3010,3010,1686,7,0,136204,163932,1686,0
130700,007110,3010,2,110,3.79,77.54,1998420,1549608,-448812,4205,3530,-675,3734604,3015,3015,3010,231,2,1,135416,163337,131,100
130700,007110,3015,2,115,3.97,77.51,1999175,1549611,-449564,4216,3533,-683,3735362,3015,3015,3010,989,13,4,135414,163603,886,103
130800,007110,3020,2,120,4.14,77.68,1999501,1553294,-446207,4224,3537,-687,3739371,3010,3020,3010,471,8,2,142532,156064,326,145
130800,007110,3015,2,115,3.97,77.66,2000242,1553295,-446947,4228,3538,-690,3740113,3010,3020,3010,1213,12,3,141663,157014,1067,146
130900,007110,3015,2,115,3.97,77.61,2001437,1553295,-448142,4233,3538,-695,3741308,3015,3015,3015,1195,5,0,146836,156535,1195,0
130900,007110,3015,2,115,3.97,77.61,2001437,1553295,-448142,4233,3538,-695,3741308,3015,3015,3015,1195,5,0,146836,156535,1195,0
131000,007110,3010,2,110,3.79,77.61,2001516,1553295,-448221,4238,3538,-700,3741387,3010,3010,3010,79,5,0,138506,167234,79,0
131000,007110,3010,2,110,3.79,77.68,2001546,1554813,-446733,4242,3544,-698,3742935,3010,3015,3010,1627,9,6,137188,167211,109,1518
131100,007110,3015,2,115,3.97,77.68,2001548,1554824,-446724,4244,3546,-698,3742948,3010,3015,3010,11,1,1,137194,166704,1,10
131100,007110,3015,2,115,3.97,77.67,2001783,1554825,-446958,4245,3547,-698,3743184,3010,3015,3010,247,2,2,138973,166489,236,11
131200,007110,3010,2,110,3.79,77.67,2001849,1554825,-447024,4249,3547,-702,3743250,3010,3010,3010,64,3,0,139555,165661,64,0
131200,007110,3015,2,115,3.97,77.67,2001948,1554840,-447108,4250,3548,-702,3743364,3010,3015,3010,178,4,1,139555,166167,163,15
131300,007110,3005,2,105,3.62,77.35,2010029,1554840,-455189,4257,3548,-709,3751445,3010,3010,3005,8081,7,0,125613,165624,8081,0
131400,007110,3005,2,105,3.62,77.35,2010040,1554840,-455200,4259,3548,-711,3751456,3005,3005,3005,0,0,0,125615,165095,0,0
131400,007110,3010,2,110,3.79,76.97,2020080,1554854,-465226,4263,3550,-713,3761510,3005,3010,3005,10054,4,2,120867,155052,10040,14
131500,007110,3010,2,110,3.79,76.97,2020080,1554904,-465176,4263,3551,-712,3761560,3010,3010,3010,50,0,1,120871,155052,0,50
131500,007110,3005,2,105,3.62,76.97,2020082,1554904,-465178,4264,3551,-713,3761562,3010,3010,3005,52,1,1,120821,155052,2,50
131600,007110,3005,2,105,3.62,76.96,2020428,1554904,-465524,4269,3551,-718,3761908,3005,3005,3005,0,0,0,121325,157479,0,0
131600,007110,3010,2,110,3.79,76.98,2020694,1555482,-465212,4277,3553,-724,3762752,3010,3010,3005,844,8,2,120003,157891,266,578
131700,007110,3010,2,110,3.79,76.98,2020697,1555483,-465214,4278,3554,-724,3762756,3015,3015,3010,4,1,1,138350,151470,3,1
131700,007110,3010,2,110,3.79,76.97,2020800,1555483,-465317,4280,3554,-726,3762859,3015,3015,3010,107,3,1,138592,151583,106,1
131800,007110,3010,2,110,3.79,76.77,2026075,1555485,-470590,4284,3556,-728,3768136,3010,3015,3010,5176,3,1,138206,156324,5175,1
131800,007110,3005,2,105,3.62,76.62,2030079,1555485,-474594,4287,3556,-731,3772140,3010,3015,3005,9180,6,1,122924,158726,9179,1
131900,007110,3005,2,105,3.62,76.62,2030234,1555485,-474749,4290,3556,-734,3772295,3005,3005,3005,145,1,0,122841,154006,145,0
131900,007110,3010,2,110,3.79,76.61,2030323,1555491,-474832,4294,3557,-737,3772390,3005,3010,3005,240,5,1,149974,156772,234,6
132000,007110,3010,2,110,3.79,76.66,2030323,1556424,-473899,4294,3559,-735,3773323,3010,3010,3010,933,0,2,149317,156777,0,933
132000,007110,3005,2,105,3.62,76.63,2031121,1556433,-474688,4297,3560,-737,3774130,3010,3010,3005,1740,3,3,150275,156772,798,942
132100,007110,3005,2,105,3.62,76.63,2031147,1556433,-474714,4298,3560,-738,3774156,3005,3005,3005,26,1,0,151377,156268,26,0
132100,007110,3010,2,110,3.79,76.63,2031185,1556434,-474751,4299,3561,-738,3774195,3005,3010,3005,65,2,1,150876,156252,64,1
132200,007110,3005,2,105,3.62,76.62,2031287,1556434,-474853,4306,3561,-745,3774297,3005,3005,3005,94,6,0,161442,167702,94,0
132200,007110,3010,2,110,3.79,76.7,2031296,1557934,-473362,4307,3563,-744,3775806,3005,3010,3005,1603,7,2,166175,167382,103,1500
132300,007110,3010,2,110,3.79,76.7,2031296,1558034,-473262,4307,3564,-743,3775906,3010,3010,3010,100,0,1,166636,167382,0,100
132400,007110,3010,2,110,3.79,76.73,2031312,1558535,-472777,4310,3566,-744,3776423,3010,3010,3010,1,0,1,167247,167366,0,1
132400,007110,3005,2,105,3.62,76.71,2031621,1558535,-473086,4313,3566,-747,3776732,3010,3010,3005,310,3,1,180446,166709,309,1
132500,007110,3010,2,110,3.79,76.77,2031621,1559586,-472035,4313,3569,-744,3777783,3010,3010,3010,151,0,2,179545,166708,0,151
132500,007110,3010,2,110,3.79,76.76,2031715,1559595,-472120,4319,3570,-749,3777886,3010,3010,3005,254,6,3,192464,166714,94,160
132600,007110,3005,2,105,3.62,76.76,2031758,1559595,-472163,4322,3570,-752,3777929,3005,3005,3005,0,0,0,192454,166679,0,0
132600,007110,3005,2,105,3.62,76.75,2032112,1559595,-472517,4324,3570,-754,3778283,3005,3005,3005,354,2,0,193273,166369,354,0
132700,007110,3010,2,110,3.79,76.75,2032118,1559596,-472522,4326,3571,-755,3778290,3005,3010,3005,7,2,1,194262,166362,6,1
132700,007110,3010,2,110,3.79,76.75,2032118,1559596,-472522,4326,3571,-755,3778290,3005,3010,3005,7,2,1,194262,166362,6,1
132800,007110,3005,2,105,3.62,76.65,2034668,1559596,-475072,4331,3571,-760,3780840,3005,3005,3005,2550,5,0,194426,163883,2550,0
132800,007110,3000,2,100,3.45,75.85,2056043,1559596,-496447,4338,3571,-767,3802215,3005,3005,3000,23925,12,0,181283,149395,23925,0
132900,007110,3000,2,100,3.45,75.75,2058800,1559596,-499204,4341,3571,-770,3804972,3000,3000,3000,2757,3,0,182739,146601,2757,0
133000,007110,3000,2,100,3.45,75.6,2062873,1559598,-503275,4347,3572,-775,3809047,3000,3000,3000,0,0,0,188346,142771,0,0
133000,007110,3000,2,100,3.45,75.42,2067975,1559598,-508377,4354,3572,-782,3814149,3000,3000,3000,5102,7,0,189265,142674,5102,0
133100,007110,3000,2,100,3.45,75.09,2077089,1559600,-517489,4360,3573,-787,3823265,3000,3000,3000,2,0,1,165687,140678,0,2
133100,007110,3000,2,100,3.45,75.08,2078669,1560721,-517948,4367,3581,-786,3825966,3000,3000,2995,2703,7,9,164383,140298,1580,1123
133200,007110,2995,2,95,3.28,75.09,2078680,1560936,-517744,4369,3584,-785,3826192,2995,2995,2995,2,1,0,164420,141174,2,0
133200,007110,3000,2,100,3.45,75.28,2078755,1564790,-513965,4373,3590,-783,3830121,2995,3000,2995,3931,5,6,186591,133968,77,3854
133300,007110,3000,2,100,3.45,75.25,2079569,1564790,-514779,4380,3590,-790,3830935,3000,3000,3000,0,0,0,186891,133744,0,0
133300,007110,3005,2,105,3.62,75.24,2079771,1564890,-514881,4382,3591,-791,3831237,3000,3005,3000,302,2,1,185664,144091,202,100
133400,007110,3000,2,100,3.45,75.21,2080616,1564891,-515725,4387,3592,-795,3832083,3000,3000,3000,0,0,0,190978,138026,0,0
133400,007110,3000,2,100,3.45,75.09,2088181,1568072,-520109,4398,3593,-805,3842829,3000,3000,2995,10746,11,1,191350,146296,7565,3181
133500,007110,3005,2,105,3.62,75.09,2088181,1568077,-520104,4398,3594,-804,3842834,3005,3005,3005,5,0,1,191444,146300,0,5
133500,007110,3000,2,100,3.45,75.08,2088488,1568077,-520411,4403,3594,-809,3843141,3005,3005,3000,312,5,1,190197,141279,307,5
133600,007110,3000,2,100,3.45,75.08,2088489,1568077,-520412,4404,3594,-810,3843142,3000,3000,3000,1,1,0,190497,146362,1,0
133600,007110,3000,2,100,3.45,75.05,2089499,1568077,-521422,4407,3594,-813,3844152,3000,3000,3000,1011,4,0,190544,146251,1011,0
133700,007110,2995,2,95,3.28,74.86,2094592,1568077,-526515,4411,3594,-817,3849245,2995,2995,2995,6,2,0,173595,153274,6,0
133700,007110,2995,2,95,3.28,73.94,2120654,1568112,-552542,4417,3595,-822,3875342,2995,2995,2995,26103,8,1,175310,126120,26068,35
133800,007110,2990,2,90,3.1,73.93,2121212,1568313,-552899,4420,3598,-822,3876101,2995,2995,2990,201,1,2,152001,131706,1,200
133800,007110,2990,2,90,3.1,74.11,2123587,1573810,-549777,4423,3607,-816,3883973,2995,2995,2990,8073,4,11,152705,128962,2376,5697
133900,007110,2995,2,95,3.28,74.12,2124606,1574845,-549761,4432,3610,-822,3886027,2995,2995,2995,1,1,0,177164,137031,1,0
133900,007110,2995,2,95,3.28,74.12,2124656,1574845,-549811,4433,3610,-823,3886077,2995,2995,2995,51,2,0,177190,142373,51,0
134000,007110,2995,2,95,3.28,73.97,2129051,1574845,-554206,4441,3610,-831,3890472,2995,2995,2995,100,7,0,172954,141404,100,0
134000,007110,3000,2,100,3.45,73.97,2129054,1574846,-554208,4442,3611,-831,3890476,2995,3000,2995,104,8,1,172961,141398,103,1
134100,007110,2995,2,95,3.28,73.95,2129596,1574846,-554750,4446,3611,-835,3891018,2995,2995,2995,542,4,0,173072,140896,542,0
134100,007110,2990,2,90,3.1,73.89,2131381,1574846,-556535,4449,3611,-838,3892803,2995,2995,2990,2327,7,0,150083,139219,2327,0
134200,007110,2995,2,95,3.28,73.89,2131386,1574849,-556537,4451,3612,-839,3892811,2990,2995,2990,8,2,1,150132,139214,5,3
134200,007110,2995,2,95,3.28,73.89,2131386,1574863,-556523,4451,3614,-837,3892825,2990,2995,2990,22,2,3,151568,139214,5,17
134300,007110,2990,2,90,3.1,73.88,2131559,1574864,-556695,4457,3615,-842,3892999,2995,2995,2990,174,6,1,151612,139080,173,1
134400,007110,2990,2,90,3.1,73.93,2132907,1576864,-556043,4463,3616,-847,3896347,2990,2990,2990,300,1,0,149833,137975,300,0
134400,007110,2990,2,90,3.1,73.93,2132908,1576865,-556043,4464,3617,-847,3896349,2990,2995,2990,302,2,1,149882,137656,301,1
134500,007110,2990,2,90,3.1,73.91,2133579,1576865,-556714,4468,3617,-851,3897020,2990,2990,2990,1,1,0,150039,137483,1,0
134500,007110,2985,2,85,2.93,73.08,2157770,1576965,-580805,4473,3618,-855,3921311,2990,2995,2985,24292,6,1,142409,113612,24192,100
134600,007110,2985,2,85,2.93,72.64,2170998,1576967,-594031,4480,3620,-860,3934541,2985,2985,2985,1,0,1,102726,105978,0,1
134600,007110,2980,2,80,2.76,72.65,2172155,1578107,-594048,4486,3624,-862,3936838,2985,2985,2980,2298,6,5,100272,107731,1157,1141
134700,007110,2985,2,85,2.93,72.83,2172219,1581962,-590257,4491,3631,-860,3940757,2985,2985,2985,2515,3,3,133057,106794,60,2455
134700,007110,2985,2,85,2.93,72.83,2172223,1581962,-590261,4493,3631,-862,3940761,2985,2985,2985,2519,5,3,133066,106923,64,2455
134800,007110,2985,2,85,2.93,72.44,2185510,1583082,-602428,4516,3632,-884,3955168,2985,2985,2985,7514,5,0,131716,115916,7514,0
134800,007110,2985,2,85,2.93,72.38,2188821,1584301,-604520,4523,3635,-888,3959698,2985,2985,2980,12044,12,3,131699,115525,10825,1219
134900,007110,2990,2,90,3.1,72.31,2190849,1584304,-606545,4530,3638,-892,3961729,2990,2990,2985,3,1,2,131730,114855,1,2
134900,007110,2985,2,85,2.93,72.3,2191446,1584435,-607011,4537,3641,-896,3962457,2990,2990,2985,731,8,5,104528,117468,598,133
135000,007110,2980,2,80,2.76,71.43,2218712,1584716,-633996,4558,3645,-913,3990004,2980,2980,2980,201,4,3,98296,93423,19,182
135000,007110,2980,2,80,2.76,71.33,2221570,1584716,-636854,4573,3645,-928,3992862,2980,2980,2980,3059,19,3,110231,95070,2877,182
135100,007110,2980,2,80,2.76,71.27,2223468,1584716,-638752,4586,3645,-941,3994760,2980,2980,2980,1821,10,0,109631,94351,1821,0
135100,007110,2980,2,80,2.76,71.28,2223751,1585133,-638618,4591,3648,-943,3995460,2980,2980,2980,2521,15,3,118504,93460,2104,417
135200,007110,2985,2,85,2.93,71.28,2223766,1585143,-638623,4595,3649,-946,3995485,2980,2985,2980,22,3,1,109474,96777,12,10
135200,007110,2975,2,75,2.59,71.2,2226258,1585163,-641095,4604,3650,-954,3997997,2980,2985,2975,2534,12,2,108641,95523,2504,30
135300,007110,2975,2,75,2.59,71.23,2226379,1585789,-640590,4606,3655,-951,3998744,2980,2980,2975,121,1,3,86972,100465,1,120
135300,007110,2975,2,75,2.59,71.23,2226463,1586009,-640454,4610,3659,-951,3999048,2980,2980,2975,425,5,7,87530,100680,85,340
135400,007110,2980,2,80,2.76,71.23,2226463,1586010,-640453,4610,3660,-950,3999049,2980,2980,2980,1,0,1,87708,103347,0,1
135400,007110,2975,2,75,2.59,71.23,2226543,1586010,-640533,4614,3660,-954,3999129,2980,2980,2975,81,4,1,93049,106205,80,1
135500,007110,2975,2,75,2.59,71.05,2232277,1586103,-646174,4622,3661,-961,4004956,2975,2975,2975,4092,7,0,92984,101165,4092,0
135500,007110,2975,2,75,2.59,70.83,2239427,1586103,-653324,4628,3661,-967,4012106,2975,2975,2975,11242,13,0,92931,95122,11242,0
135600,007110,2970,2,70,2.41,70.58,2247426,1586161,-661265,4635,3663,-972,4020163,2975,2975,2970,8057,7,2,81771,92609,7999,58
135700,007110,2970,2,70,2.41,70.52,2249382,1586161,-663221,4644,3663,-981,4022119,2970,2970,2970,0,0,0,86631,86461,0,0
135700,007110,2965,2,65,2.24,70.16,2260973,1586262,-674711,4653,3665,-988,4033811,2970,2970,2965,11692,9,2,96944,100333,11591,101
135800,007110,2965,2,65,2.24,69.93,2268481,1586262,-682219,4657,3665,-992,4041319,2965,2965,2965,0,0,0,82518,95644,0,0
135800,007110,2970,2,70,2.41,70.42,2268572,1597447,-671125,4662,3672,-990,4052595,2965,2970,2965,11276,5,7,79032,97158,91,11185
135900,007110,2970,2,70,2.41,70.49,2268826,1599187,-669639,4673,3676,-997,4054589,2970,2970,2970,203,3,0,76405,77758,203,0
135900,007110,2975,2,75,2.59,70.61,2269039,1602254,-666785,4675,3679,-996,4057869,2970,2975,2970,3483,5,3,74144,87151,416,3067
140000,007110,2970,2,70,2.41,70.77,2272671,1608264,-664407,4680,3682,-998,4067511,2970,2970,2970,3,1,0,77540,89599,3,0
140000,007110,2970,2,70,2.41,70.83,2272674,1609774,-662900,4681,3685,-996,4069024,2970,2975,2970,1516,2,3,76036,92547,6,1510
140100,007110,2970,2,70,2.41,70.9,2273346,1611774,-661572,4683,3686,-997,4071696,2970,2970,2970,622,1,0,74204,102564,622,0
140100,007110,2970,2,70,2.41,70.79,2276885,1611774,-665111,4692,3686,-1006,4075235,2970,2970,2970,4161,10,0,74292,99145,4161,0
140200,007110,2975,2,75,2.59,70.8,2277409,1612410,-664999,4696,3689,-1007,4076395,2970,2975,2970,587,1,2,73471,105842,1,586
140200,007110,2975,2,75,2.59,70.83,2277411,1613006,-664405,4697,3693,-1004,4076993,2970,2975,2970,1185,2,6,85261,104777,3,1182
140300,007110,2975,2,75,2.59,70.84,2277411,1613427,-663984,4697,3697,-1000,4077414,2975,2975,2975,10,0,2,79522,105788,0,10
140300,007110,2970,2,70,2.41,70.72,2281362,1613432,-667930,4705,3698,-1007,4081370,2975,2975,2970,3966,8,3,79635,106677,3951,15
140400,007110,2970,2,70,2.41,70.77,2287027,1618470,-668557,4707,3708,-999,4092073,2970,2970,2970,1330,0,7,57854,124521,0,1330
140400,007110,2970,2,70,2.41,70.99,2288390,1624529,-663861,4715,3719,-996,4099495,2970,2975,2970,8752,8,18,75748,102927,1363,7389
140500,007110,2975,2,75,2.59,70.98,2288796,1624540,-664256,4718,3721,-997,4099912,2970,2975,2970,13,1,1,75780,101472,3,10
140500,007110,2970,2,70,2.41,70.98,2288821,1624560,-664261,4720,3722,-998,4099957,2970,2975,2970,58,3,2,76350,102957,28,30
140600,007110,2970,2,70,2.41,71.0,2289447,1625569,-663878,4723,3724,-999,4101592,2970,2970,2970,626,3,0,74101,104410,626,0
140600,007110,2970,2,70,2.41,71.0,2291779,1627091,-664688,4728,3729,-999,4105446,2970,2975,2970,4480,8,5,64399,126135,2958,1522
140700,007110,2970,2,70,2.41,70.96,2292942,1627092,-665850,4731,3730,-1001,4106610,2970,2975,2970,1164,3,1,77255,110743,1163,1
140700,007110,2970,2,70,2.41,70.93,2294030,1627092,-666938,4737,3730,-1007,4107698,2970,2975,2970,2252,9,1,75926,111187,2251,1
140800,007110,2970,2,70,2.41,70.92,2294171,1627093,-667078,4740,3731,-1009,4107840,2970,2975,2970,142,3,1,76418,110603,141,1
140800,007110,2975,2,75,2.59,71.49,2294211,1640209,-654002,4744,3736,-1008,4120996,2970,2975,2970,13298,7,6,75381,122185,181,13117
140900,007110,2975,2,75,2.59,71.36,2299460,1640962,-658498,4748,3737,-1011,4126998,2980,2980,2975,5246,2,0,85591,108168,5246,0
140900,007110,2970,2,70,2.41,71.22,2304050,1640962,-663088,4751,3737,-1014,4131588,2980,2980,2970,9836,5,0,82966,108693,9836,0
141000,007110,2970,2,70,2.41,71.22,2304152,1640962,-663190,4758,3737,-1021,4131690,2970,2970,2970,99,6,0,72258,107915,99,0
141100,007110,2970,2,70,2.41,71.21,2304355,1640962,-663393,4760,3737,-1023,4131893,2970,2970,2970,0,0,0,72258,107794,0,0
141100,007110,2975,2,75,2.59,71.2,2304805,1641064,-663741,4761,3739,-1022,4132445,2975,2975,2970,552,1,2,78384,113391,450,102
141200,007110,2970,2,70,2.41,71.2,2304815,1641064,-663751,4763,3739,-1024,4132455,2970,2970,2970,0,0,0,78545,113599,0,0
141200,007110,2975,2,75,2.59,71.32,2304820,1643707,-661113,4765,3743,-1022,4135103,2975,2975,2970,2648,2,4,76092,117190,5,2643
141300,007110,2975,2,75,2.59,71.55,2304820,1648990,-655830,4765,3752,-1013,4140386,2975,2975,2975,0,0,0,71266,118435,0,0
141300,007110,2975,2,75,2.59,71.77,2304912,1654176,-650736,4771,3759,-1012,4145664,2975,2975,2970,5278,6,7,66227,117943,92,5186
141400,007110,2970,2,70,2.41,71.78,2304915,1654389,-650526,4772,3764,-1008,4145880,2970,2970,2970,0,0,0,70671,116863,0,0
141400,007110,2970,2,70,2.41,71.78,2304973,1654555,-650418,4776,3766,-1010,4146104,2975,2975,2970,224,4,2,73932,115475,58,166
141500,007110,2975,2,75,2.59,71.79,2304976,1654684,-650292,4777,3768,-1009,4146236,2975,2975,2975,70,0,1,73896,121239,0,70
141500,007110,2970,2,70,2.41,71.76,2306293,1654984,-651309,4779,3769,-1010,4147853,2975,2975,2970,1687,2,2,74767,120539,1317,370
141600,007110,2975,2,75,2.59,71.75,2306694,1654985,-651709,4783,3770,-1013,4148255,2975,2975,2975,0,0,0,76068,119342,0,0
141600,007110,2970,2,70,2.41,71.74,2306877,1655008,-651869,4789,3772,-1017,4148461,2975,2975,2970,206,6,2,76252,135018,183,23
141700,007110,2970,2,70,2.41,71.65,2309950,1655008,-654942,4793,3772,-1021,4151534,2970,2970,2970,3018,3,0,96256,138932,3018,0
141700,007110,2975,2,75,2.59,71.65,2309964,1655009,-654955,4796,3773,-1023,4151549,2970,2975,2970,3033,6,1,96256,138848,3032,1
141800,007110,2975,2,75,2.59,71.71,2309968,1656558,-653410,4798,3775,-1023,4153102,2970,2975,2970,19,2,1,95299,140239,4,15
141800,007110,2975,2,75,2.59,72.01,2314817,1666919,-647898,4807,3782,-1025,4168312,2970,2975,2970,15229,11,8,87634,141976,4853,10376
141900,007110,2975,2,75,2.59,72.02,2314820,1667088,-647732,4809,3789,-1020,4168484,2970,2975,2970,53,2,3,87543,141493,3,50
141900,007110,2975,2,75,2.59,72.02,2314907,1667097,-647810,4813,3790,-1023,4168580,2970,2975,2970,149,6,4,87537,141574,90,59
142000,007110,2970,2,70,2.41,71.69,2325530,1667115,-658415,4817,3792,-1025,4179221,2970,2975,2970,10628,2,1,89617,129837,10619,9
142000,007110,2970,2,70,2.41,71.56,2329744,1667121,-662623,4821,3795,-1026,4183441,2970,2975,2965,14848,6,4,77589,151357,14833,15
142100,007110,2965,2,65,2.24,71.58,2330344,1668021,-662323,4822,3796,-1026,4184941,2970,2970,2965,1500,1,1,76559,151357,600,900
142100,007110,2965,2,65,2.24,71.58,2330427,1668021,-662406,4825,3796,-1029,4185024,2970,2970,2965,1583,4,1,80526,149461,683,900
142200,007110,2965,2,65,2.24,71.59,2330502,1668521,-661981,4830,3797,-1033,4185599,2970,2970,2965,575,5,1,76362,153196,75,500
142200,007110,2970,2,70,2.41,71.6,2330523,1668640,-661883,4831,3800,-1031,4185739,2970,2970,2965,715,6,4,76295,153158,96,619
142300,007110,2965,2,65,2.24,71.62,2330527,1669140,-661387,4833,3801,-1032,4186243,2965,2970,2965,504,2,1,75782,152657,4,500
142300,007110,2970,2,70,2.41,71.61,2331023,1669316,-661707,4834,3803,-1031,4186915,2965,2970,2965,1176,3,3,77210,138185,500,676
142400,007110,2965,2,65,2.24,71.61,2331037,1669326,-661711,4837,3804,-1033,4186939,2965,2970,2965,24,3,1,57900,138172,14,10
142500,007110,2970,2,70,2.41,71.58,2332096,1669327,-662769,4841,3805,-1036,4187999,2970,2970,2970,0,0,0,62320,139233,0,0
142500,007110,2970,2,70,2.41,71.57,2332385,1669339,-663046,4847,3807,-1040,4188300,2970,2970,2965,301,6,2,61671,143306,289,12
142600,007110,2970,2,70,2.41,71.72,2332388,1672818,-659570,4849,3813,-1036,4191782,2970,2970,2970,0,0,0,58211,142803,0,0
142600,007110,2965,2,65,2.24,71.72,2332391,1672818,-659573,4850,3813,-1037,4191785,2965,2965,2965,3,1,0,47320,143076,3,0
142700,007110,2965,2,65,2.24,71.72,2332391,1672818,-659573,4850,3813,-1037,4191785,2965,2965,2965,0,0,0,47320,143076,0,0
142700,007110,2965,2,65,2.24,71.68,2333829,1672818,-661011,4852,3813,-1039,4193223,2965,2965,2965,1438,2,0,47594,142058,1438,0
142800,007110,2965,2,65,2.24,71.68,2333840,1672943,-660897,4854,3815,-1039,4193359,2965,2965,2965,3,1,0,46869,148318,3,0
142800,007110,2970,2,70,2.41,71.68,2333927,1672944,-660983,4858,3816,-1042,4193447,2965,2970,2965,91,5,1,46869,148391,90,1
142900,007110,2965,2,65,2.24,71.68,2333930,1672945,-660985,4860,3817,-1043,4193451,2965,2965,2965,3,2,0,46870,148390,3,0
142900,007110,2970,2,70,2.41,71.77,2333931,1674950,-658981,4861,3819,-1042,4195457,2965,2970,2965,2009,3,2,45325,151153,4,2005
143000,007110,2970,2,70,2.41,71.81,2333974,1675993,-657981,4867,3822,-1045,4196543,2970,2970,2970,0,0,0,56533,127076,0,0
143000,007110,2970,2,70,2.41,71.71,2337143,1676032,-661111,4894,3847,-1047,4199751,2970,2970,2965,3208,27,25,54514,148036,3169,39
143100,007110,2970,2,70,2.41,72.06,2337224,1684232,-652992,4965,3930,-1035,4208032,2965,2970,2965,4312,33,39,47695,148621,33,4279
143100,007110,2975,2,75,2.59,72.14,2337380,1686086,-651294,5036,4000,-1036,4210042,2965,2980,2965,6322,104,109,68444,120903,189,6133
143200,007110,2980,2,80,2.76,72.31,2337600,1690434,-647166,5107,4078,-1029,4214610,2985,2985,2980,2029,38,43,77228,118992,187,1842
143200,007110,2980,2,80,2.76,72.46,2337931,1693970,-643961,5175,4156,-1019,4218477,2985,2985,2980,5896,106,121,75227,119227,518,5378
143300,007110,2985,2,85,2.93,72.44,2340191,1695118,-645073,5245,4228,-1017,4221885,2980,2990,2980,2918,45,42,78507,116715,2235,683
143300,007110,2990,2,90,3.1,72.59,2340938,1699278,-641660,5310,4300,-1010,4226792,2980,2990,2980,7825,110,114,84912,109526,2982,4843
143400,007110,2990,2,90,3.1,72.62,2341093,1700200,-640893,5380,4369,-1011,4227869,2985,2990,2985,1035,49,48,83757,117899,134,901
143400,007110,2990,2,90,3.1,72.63,2341584,1700761,-640823,5446,4435,-1011,4228921,2985,2990,2985,2087,115,114,85637,119740,625,1462
143500,007110,2985,2,85,2.93,72.48,2346601,1700902,-645699,5487,4477,-1010,4234079,2985,2990,2985,5109,26,25,79593,123269,5002,107
143500,007110,2985,2,85,2.93,72.5,2348803,1702777,-646026,5495,4479,-1016,4238156,2985,2990,2985,9186,34,27,85174,114503,7204,1982
143600,007110,2985,2,85,2.93,72.5,2348806,1702778,-646028,5496,4480,-1016,4238160,2985,2985,2985,3,1,0,91097,113103,3,0
143600,007110,2980,2,80,2.76,72.33,2354295,1702778,-651517,5502,4480,-1022,4243649,2985,2985,2980,5492,7,0,83095,119504,5492,0
143700,007110,2980,2,80,2.76,72.32,2354488,1702779,-651709,5509,4481,-1028,4243843,2980,2985,2980,194,7,1,83075,115554,193,1
143700,007110,2980,2,80,2.76,72.32,2354501,1702780,-651721,5511,4482,-1029,4243857,2980,2985,2980,208,9,2,81906,125541,206,2
143800,007110,2990,2,90,3.1,72.37,2354609,1704060,-650549,5513,4489,-1024,4245245,2985,2990,2980,1388,2,7,90787,118529,108,1280
143900,007110,2980,2,80,2.76,72.31,2356734,1704060,-652674,5516,4489,-1027,4247370,2980,2980,2980,0,0,0,90907,117603,0,0
143900,007110,2985,2,85,2.93,72.29,2357106,1704060,-653046,5525,4489,-1036,4247742,2985,2985,2985,372,9,0,89991,126289,372,0
144000,007110,2990,2,90,3.1,72.3,2357109,1704162,-652947,5526,4491,-1035,4247847,2990,2990,2990,0,0,0,89895,126284,0,0
144000,007110,2985,2,85,2.93,72.38,2357231,1706191,-651040,5534,4495,-1039,4249998,2990,2995,2985,2151,8,4,105032,130285,122,2029
144100,007110,3000,2,100,3.45,72.66,2357323,1712796,-644527,5538,4500,-1038,4256695,3000,3000,3000,0,0,0,121838,108572,0,0
144100,007110,2995,2,95,3.28,72.55,2360722,1712798,-647924,5543,4502,-1041,4260096,3000,3000,2995,3401,5,2,123251,105555,3399,2
144200,007110,2995,2,95,3.28,72.55,2360722,1712798,-647924,5543,4502,-1041,4260096,2995,2995,2995,0,0,0,123251,105555,0,0
144200,007110,2990,2,90,3.1,72.52,2361744,1712798,-648946,5546,4502,-1044,4261118,2990,2990,2990,1022,3,0,102293,115554,1022,0
144300,007110,2995,2,95,3.28,72.48,2365150,1714265,-650885,5549,4507,-1042,4265991,2995,2995,2995,61,0,2,104781,112134,0,61
144300,007110,2990,2,90,3.1,72.49,2365998,1715013,-650985,5564,4509,-1055,4267587,2995,2995,2985,1657,15,4,108514,111641,848,809
144400,007110,2985,2,85,2.93,72.48,2366035,1715015,-651020,5568,4510,-1058,4267626,2985,2985,2985,3,1,0,93519,117989,3,0
144400,007110,2990,2,90,3.1,72.51,2366052,1715517,-650535,5572,4513,-1059,4268145,2985,2995,2985,522,5,3,108592,111902,20,502
144500,007110,2990,2,90,3.1,72.62,2366052,1718337,-647715,5572,4516,-1056,4270965,2990,2990,2990,0,0,0,99065,118686,0,0
144500,007110,2990,2,90,3.1,72.64,2367001,1719433,-647568,5573,4519,-1054,4273010,2990,2990,2985,2045,1,3,99615,117927,949,1096
144600,007110,2985,2,85,2.93,72.66,2367093,1719914,-647179,5579,4521,-1058,4273583,2990,2990,2985,471,5,1,98249,120581,90,381
144600,007110,2985,2,85,2.93,72.64,2367843,1720114,-647729,5581,4522,-1059,4274533,2990,2990,2985,1421,7,2,98110,139999,840,581
144700,007110,2990,2,90,3.1,72.74,2367843,1722376,-645467,5581,4524,-1057,4276795,2990,2990,2990,1962,0,1,103343,140156,0,1962
144700,007110,2985,2,85,2.93,72.95,2367849,1727376,-640473,5583,4525,-1058,4281801,2990,2990,2985,6968,2,2,95309,143642,6,6962
144800,007110,2990,2,90,3.1,72.99,2367871,1728366,-639505,5585,4531,-1054,4282813,2990,2990,2985,1012,2,6,95608,144701,22,990
144800,007110,2985,2,85,2.93,72.99,2367979,1728371,-639608,5587,4532,-1055,4282926,2990,2990,2985,1125,4,7,96500,146420,130,995
144900,007110,2985,2,85,2.93,72.77,2375068,1728371,-646697,5593,4532,-1061,4290015,2985,2985,2985,7089,6,0,97801,138337,7089,0
144900,007110,2990,2,90,3.1,72.77,2375071,1728373,-646698,5594,4534,-1060,4290020,2985,2990,2985,7094,7,2,97800,138353,7092,2
145000,007110,2985,2,85,2.93,72.77,2375351,1728573,-646778,5595,4535,-1060,4290500,2985,2985,2985,280,1,0,98990,143603,280,0
145000,007110,2985,2,85,2.93,72.73,2376741,1728573,-648168,5597,4535,-1062,4291890,2985,2985,2985,1670,3,0,103508,157481,1670,0
145100,007110,2985,2,85,2.93,72.71,2377216,1728573,-648643,5601,4535,-1066,4292365,2985,2985,2985,475,4,0,104021,163800,475,0
145200,007110,2985,2,85,2.93,72.71,2377226,1728577,-648649,5602,4537,-1065,4292379,2985,2985,2985,0,0,0,104019,162755,0,0
145200,007110,2985,2,85,2.93,72.69,2377903,1728598,-649305,5609,4539,-1070,4293077,2985,2990,2985,698,7,2,100335,166180,677,21
145300,007110,2990,2,90,3.1,72.71,2377906,1729049,-648857,5610,4542,-1068,4293531,2990,2990,2990,0,0,0,100499,169563,0,0
145300,007110,2990,2,90,3.1,72.62,2381751,1729563,-652188,5612,4546,-1066,4297890,2990,2990,2985,4359,2,4,99920,165698,3845,514
145400,007110,2990,2,90,3.1,72.8,2381751,1733854,-647897,5612,4548,-1064,4302181,2990,2990,2990,0,0,0,94904,166007,0,0
145400,007110,2985,2,85,2.93,72.8,2381764,1733859,-647905,5615,4549,-1066,4302199,2990,2990,2985,18,3,1,97585,166238,13,5
145500,007110,2990,2,90,3.1,72.8,2381764,1733860,-647904,5615,4550,-1065,4302200,2990,2990,2990,0,0,0,98011,161235,0,0
145500,007110,2985,2,85,2.93,72.82,2381851,1734570,-647281,5619,4551,-1068,4302997,2990,2990,2985,797,4,1,98947,161469,87,710
145600,007110,2990,2,90,3.1,72.85,2381856,1735256,-646600,5621,4555,-1066,4303688,2990,2990,2985,689,1,4,98973,148962,3,686
145600,007110,2990,2,90,3.1,72.86,2381856,1735311,-646545,5621,4557,-1064,4303743,2990,2990,2985,744,1,6,98508,149279,3,741
145700,007110,2990,2,90,3.1,72.99,2381856,1738419,-643437,5621,4561,-1060,4306851,2990,2990,2990,0,0,0,96052,153299,0,0
145700,007110,2985,2,85,2.93,72.99,2381862,1738419,-643443,5623,4561,-1062,4306857,2985,2985,2985,6,2,0,96942,153396,6,0
145800,007110,2985,2,85,2.93,73.04,2381871,1739682,-642189,5624,4563,-1061,4308129,2990,2990,2985,272,1,1,92717,153393,9,263
145800,007110,2990,2,90,3.1,73.14,2381958,1742162,-639796,5628,4566,-1062,4310696,2990,2990,2985,2839,5,4,93078,153415,96,2743
145900,007110,2985,2,85,2.93,73.14,2381960,1742186,-639774,5629,4568,-1061,4310722,2990,2990,2985,6,1,1,94765,155165,2,4
145900,007110,2990,2,90,3.1,73.24,2381971,1744515,-637456,5631,4571,-1060,4313062,2990,2990,2985,2346,3,4,93410,159672,13,2333
150000,007110,2990,2,90,3.1,73.29,2382118,1745939,-636179,5636,4577,-1059,4314633,2990,2995,2990,1569,5,5,104141,175116,147,1422
150000,007110,2990,2,90,3.1,73.58,2382419,1753044,-629375,5638,4580,-1058,4322039,2990,2995,2990,8975,7,8,96849,175959,448,8527
150100,007110,2990,2,90,3.1,73.62,2382522,1754026,-628496,5649,4586,-1063,4323124,2995,2995,2990,1082,10,6,118789,170653,100,982
150100,007110,3000,2,100,3.45,73.64,2382844,1754767,-628077,5654,4588,-1066,4324187,2995,3000,2990,2145,15,8,122210,169644,422,1723
150200,007110,3000,2,100,3.45,73.51,2387171,1754769,-632402,5657,4589,-1068,4328516,2995,3000,2995,4329,3,1,122322,165312,4327,2
150200,007110,2995,2,95,3.28,73.52,2387253,1755040,-632213,5659,4592,-1067,4328869,2995,3000,2995,4682,5,4,105944,171404,4409,273
150300,007110,2995,2,95,3.28,73.52,2387253,1755045,-632208,5659,4593,-1066,4328874,2995,2995,2995,5,0,1,106938,173535,0,5
150400,007110,2990,2,90,3.1,73.52,2387538,1755346,-632192,5661,4594,-1067,4329460,2990,2990,2990,50,1,0,107156,181366,50,0
150400,007110,2990,2,90,3.1,73.67,2387792,1759186,-628606,5669,4596,-1073,4333554,2990,2995,2990,4144,9,2,102832,182391,304,3840
150500,007110,2995,2,95,3.28,73.68,2387809,1759352,-628457,5671,4598,-1073,4333737,2995,2995,2995,7,0,1,102184,182364,0,7
150500,007110,2995,2,95,3.28,73.77,2387996,1761546,-626450,5683,4604,-1079,4336118,2995,2995,2995,2388,12,7,123427,178416,187,2201
150600,007110,2995,2,95,3.28,73.77,2388011,1761546,-626465,5685,4604,-1081,4336133,2995,2995,2995,13,1,0,123758,175432,13,0
150600,007110,2995,2,95,3.28,74.17,2388061,1771139,-616922,5686,4607,-1079,4345776,2995,3000,2995,9656,2,3,117124,176516,63,9593
150700,007110,3000,2,100,3.45,74.32,2388767,1775385,-613382,5689,4614,-1075,4350728,3000,3000,2995,3686,2,5,116326,177988,500,3186
150700,007110,3000,2,100,3.45,74.74,2388890,1785390,-603500,5694,4617,-1077,4360856,3000,3005,2995,13814,7,8,134058,144283,623,13191
150800,007110,3005,2,105,3.62,74.74,2389090,1785638,-603452,5695,4619,-1076,4361304,3005,3005,3005,10,0,1,136340,158519,0,10
150800,007110,3010,2,110,3.79,74.99,2389254,1791795,-597459,5701,4623,-1078,4367625,3005,3010,3000,6331,6,5,146979,139705,164,6167
150900,007110,3005,2,105,3.62,74.99,2389804,1792133,-597671,5703,4625,-1078,4368513,3005,3005,3005,50,1,0,151400,138943,50,0
150900,007110,3005,2,105,3.62,74.83,2395198,1792263,-602935,5712,4628,-1084,4374037,3005,3010,3000,5574,10,3,140535,152710,5444,130
151000,007110,3005,2,105,3.62,74.85,2395206,1792924,-602282,5713,4631,-1082,4374706,3005,3005,3000,619,1,2,141561,153717,8,611
151000,007110,3000,2,100,3.45,74.78,2397633,1792924,-604709,5717,4631,-1086,4377133,3005,3005,3000,3046,5,2,154236,151838,2435,611
151100,007110,3000,2,100,3.45,74.78,2397636,1792924,-604712,5718,4631,-1087,4377136,3000,3000,3000,0,0,0,153539,148824,0,0
151100,007110,3000,2,100,3.45,74.44,2408655,1792924,-615731,5723,4631,-1092,4388155,3000,3000,3000,11019,5,0,146075,139438,11019,0
151200,007110,3000,2,100,3.45,74.27,2413930,1792924,-621006,5728,4631,-1097,4393430,3000,3000,3000,2450,4,0,145167,141191,2450,0
151200,007110,3000,2,100,3.45,74.04,2421472,1792924,-628548,5733,4631,-1102,4400972,3000,3000,3000,9992,9,0,145376,148686,9992,0
151300,007110,3005,2,105,3.62,74.05,2422432,1793705,-628727,5735,4633,-1102,4402713,3000,3005,3000,786,1,2,144233,141457,5,781
151300,007110,3005,2,105,3.62,74.04,2422512,1793714,-628798,5737,4636,-1101,4402802,3000,3005,3000,875,3,5,143152,152532,85,790
151400,007110,3005,2,105,3.62,74.1,2423478,1795865,-627613,5742,4638,-1104,4405919,3000,3005,3000,3117,5,2,143219,145214,966,2151
151500,007110,3005,2,105,3.62,74.1,2423478,1795866,-627612,5742,4639,-1103,4405920,3005,3005,3005,0,0,0,143218,145871,0,0
151500,007110,3000,2,100,3.45,74.04,2425491,1795867,-629624,5744,4640,-1104,4407934,3000,3005,3000,2014,2,1,143621,146937,2013,1
151600,007110,3000,2,100,3.45,73.84,2432188,1795879,-636309,5751,4642,-1109,4414643,2995,3000,2995,306,3,1,114718,155323,305,1
151600,007110,3005,2,105,3.62,74.02,2432610,1800526,-632084,5754,4648,-1106,4419712,2995,3005,2995,5375,6,7,142619,146196,727,4648
151700,007110,3000,2,100,3.45,73.88,2437002,1800527,-636475,5759,4649,-1110,4424105,3000,3000,3000,5,1,0,143697,141788,5,0
151700,007110,3005,2,105,3.62,73.86,2437764,1800597,-637167,5763,4650,-1113,4424937,3000,3005,3000,837,5,1,144463,144015,767,70
151800,007110,3000,2,100,3.45,73.83,2438975,1800599,-638376,5767,4652,-1115,4426150,3005,3005,3000,1001,1,1,144691,144819,1000,1
151800,007110,3000,2,100,3.45,73.74,2441820,1800652,-641168,5774,4656,-1118,4429048,3005,3005,3000,3899,8,5,144813,154062,3845,54
151900,007110,3000,2,100,3.45,73.65,2444998,1800659,-644339,5779,4658,-1121,4432233,3005,3005,3000,2885,4,2,144492,152493,2878,7
151900,007110,3005,2,105,3.62,73.64,2445108,1800662,-644446,5781,4661,-1120,4432346,3005,3005,3000,2998,6,5,146809,150591,2988,10
152000,007110,3010,2,110,3.79,74.12,2445122,1812345,-632777,5783,4669,-1114,4444043,3010,3010,3010,1708,0,6,136866,137198,0,1708
152000,007110,3010,2,110,3.79,74.06,2447079,1812405,-634674,5787,4675,-1112,4446060,3010,3010,3005,3725,4,12,141466,129710,1957,1768
152000,007110,3010,2,110,3.79,74.01,2449000,1812439,-636561,5789,4678,-1111,4448015,3010,3010,3005,5680,6,15,141714,131455,3878,1802
152000,007110,3010,2,110,3.79,74.01,2449000,1812439,-636561,5789,4678,-1111,4448015,3010,3010,3005,5680,6,15,141714,131455,3878,1802
152000,007110,3010,2,110,3.79,74.01,2449000,1812439,-636561,5789,4678,-1111,4448015,3010,3010,3005,5680,6,15,141714,131455,3878,1802
152000,007110,3010,2,110,3.79,74.01,2449000,1812439,-636561,5789,4678,-1111,4448015,3010,3010,3005,5680,6,15,141714,131455,3878,1802
152000,007110,3010,2,110,3.79,74.01,2449000,1812439,-636561,5789,4678,-1111,4448015,3010,3010,3005,5680,6,15,141714,131455,3878,1802
152000,007110,3010,2,110,3.79,74.01,2449000,1812439,-636561,5789,4678,-1111,4448015,3010,3010,3005,5680,6,15,141714,131455,3878,1802
152000,007110,3010,2,110,3.79,74.01,2449000,1812439,-636561,5789,4678,-1111,4448015,3010,3010,3005,5680,6,15,141714,131455,3878,1802
152000,007110,3010,2,110,3.79,74.01,2449000,1812439,-636561,5789,4678,-1111,4448015,3010,3010,3005,5680,6,15,141714,131455,3878,1802
152000,007110,3010,2,110,3.79,74.01,2449000,1812439,-636561,5789,4678,-1111,4448015,3010,3010,3005,5680,6,15,141714,131455,3878,1802
152000,007110,3010,2,110,3.79,74.01,2449000,1812439,-636561,5789,4678,-1111,4448015,3010,3010,3005,5680,6,15,141714,131455,3878,1802
152000,007110,3010,2,110,3.79,74.01,2449000,1812439,-636561,5789,4678,-1111,4448015,3010,3010,3005,5680,6,15,141714,131455,3878,1802
152000,007110,3010,2,110,3.79,74.01,2449000,1812439,-636561,5789,4678,-1111,4448015,3010,3010,3005,5680,6,15,141714,131455,3878,1802
152000,007110,3010,2,110,3.79,74.01,2449000,1812439,-636561,5789,4678,-1111,4448015,3010,3010,3005,5680,6,15,141714,131455,3878,1802
152000,007110,3010,2,110,3.79,74.01,2449000,1812439,-636561,5789,4678,-1111,4448015,3010,3010,3005,5680,6,15,141714,131455,3878,1802
152000,007110,3010,2,110,3.79,74.01,2449000,1812439,-636561,5789,4678,-1111,4448015,3010,3010,3005,5680,6,15,141714,131455,3878,1802
152000,007110,3010,2,110,3.79,74.01,2449000,1812439,-636561,5789,4678,-1111,4448015,3010,3010,3005,5680,6,15,141714,131455,3878,1802
152000,007110,3010,2,110,3.79,74.01,2449000,1812439,-636561,5789,4678,-1111,4448015,3010,3010,3005,5680,6,15,141714,131455,3878,1802
152000,007110,3010,2,110,3.79,74.01,2449000,1812439,-636561,5789,4678,-1111,4448015,3010,3010,3005,5680,6,15,141714,131455,3878,1802
152000,007110,3010,2,110,3.79,74.01,2449000,1812439,-636561,5789,4678,-1111,4448015,3010,3010,3005,5680,6,15,141714,131455,3878,1802
153000,007110,3010,2,110,3.79,74.01,2449000,1812439,-636561,5789,4678,-1111,4448015,3010,3010,3010,0,0,0,141681,131455,0,0
153000,007110,3005,2,105,3.62,74.01,2449000,1812439,-636561,5789,4678,-1111,4503962,3005,3005,3005,55947,0,0,141681,131455,0,0
