090200,002210,18800,2,100,0.53,195.49,5807,11352,5545,59,47,-12,30042,18800,18900,18800,10832,42,17,30444,47871,3389,7443
090300,002210,18750,2,50,0.27,181.8,6796,12355,5559,67,62,-5,32034,18750,18750,18750,78,1,0,31929,47500,78,0
090300,002210,18900,2,200,1.07,306.45,6913,21185,14272,76,89,13,40981,18750,18950,18750,9025,10,27,41245,50080,195,8830
090400,002210,18950,2,250,1.34,350.77,8977,31489,22512,156,277,121,53349,18900,18950,18900,995,8,16,36120,50160,8,987
090400,002210,18800,2,100,0.53,167.31,20739,34699,13960,233,401,168,68321,18900,18950,18750,15967,85,140,57047,48252,11770,4197
090500,002210,18850,2,150,0.8,162.01,22260,36064,13804,297,467,170,71207,18850,18850,18800,27,8,10,62011,51951,8,19
090500,002210,18800,2,100,0.53,133.12,29380,39112,9732,336,493,157,81375,18850,18850,18750,10195,47,36,59881,47643,7128,3067
090600,002210,18750,2,50,0.27,148.23,30162,44710,14548,342,508,166,87755,18800,18800,18750,1185,2,6,66791,47219,558,627
090600,002210,18700,3,0,0.0,90.5,49810,45078,-4732,365,518,153,107771,18800,18800,18700,21201,25,16,58423,37236,20206,995
090700,002210,18700,3,0,0.0,87.43,52183,45624,-6559,372,521,149,110690,18700,18700,18700,367,2,0,59707,38481,367,0
090700,002210,18750,2,50,0.27,85.86,53387,45837,-7550,388,524,136,112107,18700,18750,18700,1784,18,3,64396,38347,1571,213
090800,002210,18750,2,50,0.27,86.63,53543,46383,-7160,391,533,142,112809,18750,18750,18750,286,0,5,65871,40276,0,286
090800,002210,18700,3,0,0.0,84.35,55135,46507,-8628,403,537,134,114525,18750,18750,18700,2002,12,9,68568,41783,1592,410
090900,002210,18700,3,0,0.0,82.41,56431,46507,-9924,413,537,124,115821,18700,18700,18700,744,3,0,69096,43843,744,0
090900,002210,18700,3,0,0.0,77.02,62605,48218,-14387,427,542,115,123706,18700,18700,18650,8629,17,5,62919,46748,6918,1711
091000,002210,18750,2,50,0.27,79.23,63914,50639,-13275,438,548,110,127436,18750,18750,18750,1774,3,2,70119,57230,81,1693
091000,002210,18800,2,100,0.53,83.55,64486,53880,-10606,441,555,114,131249,18750,18800,18750,5587,6,9,80100,54416,653,4934
091100,002210,18850,2,150,0.8,86.87,64726,56226,-8500,444,572,128,133835,18800,18850,18800,2144,1,15,77275,57612,30,2114
091100,002210,18850,2,150,0.8,87.52,65997,57758,-8239,451,585,134,136638,18800,18850,18800,4947,8,28,84513,56783,1301,3646
091200,002210,18800,2,100,0.53,89.12,67788,60415,-7373,458,599,141,141086,18900,18900,18800,2734,5,9,86549,57730,1679,1055
091200,002210,18850,2,150,0.8,87.32,69393,60595,-8798,467,602,135,142871,18900,18900,18800,4519,14,12,86157,59271,3284,1235
091300,002210,18850,2,150,0.8,91.38,69393,63414,-5979,467,620,153,145690,18850,18850,18850,2817,0,17,85161,61251,0,2817
091400,002210,18900,2,200,1.07,91.64,70169,64302,-5867,472,631,159,147354,18900,18900,18900,0,0,0,88080,61275,0,0
091400,002210,18900,2,200,1.07,101.57,70226,71331,1105,476,651,175,154440,18900,18900,18850,7086,4,20,82043,63361,57,7029
091500,002210,19000,2,300,1.6,109.53,70412,77121,6709,482,688,206,160416,19000,19000,18950,187,3,14,91966,51036,16,171
091500,002210,19050,2,350,1.87,124.38,73616,91562,17946,560,853,293,178061,19000,19050,18950,17832,81,179,119461,45095,3220,14612
091600,002210,19050,2,350,1.87,117.24,83810,98263,14453,648,1012,364,194956,19000,19050,19000,186,11,25,124342,48500,19,167
091600,002210,19100,2,400,2.14,149.0,85666,127643,41977,736,1239,503,226192,19000,19100,19000,31422,99,252,129284,52228,1875,29547
091700,002210,19000,2,300,1.6,121.53,109023,132499,23476,811,1349,538,254405,19000,19000,18900,8417,24,27,88566,44666,7694,723
091700,002210,19000,2,300,1.6,124.49,114497,142543,28046,835,1390,555,269923,19000,19000,18900,23935,48,68,92264,56333,13168,10767
091800,002210,19050,2,350,1.87,120.22,124618,149813,25195,879,1430,551,287314,19000,19050,19000,2505,14,6,147063,50851,2052,453
091800,002210,18950,2,250,1.34,115.16,133195,153385,20190,897,1448,551,299463,19000,19050,18900,14654,32,24,92257,67591,10629,4025
091900,002210,18950,2,250,1.34,114.42,135979,155581,19602,911,1459,548,304443,18950,18950,18900,738,4,2,102170,67052,307,431
091900,002210,18950,2,250,1.34,113.12,139331,157605,18274,922,1471,549,309819,18950,18950,18900,6114,15,14,102180,70439,3659,2455
092000,002210,18900,2,200,1.07,114.75,139866,160501,20635,926,1482,556,313250,18900,18900,18900,191,2,0,103674,71639,191,0
092000,002210,18950,2,250,1.34,113.99,140811,160507,19696,932,1484,552,314201,18900,18950,18900,1142,8,2,104343,71754,1136,6
092100,002210,18900,2,200,1.07,114.14,141092,161045,19953,939,1489,550,315020,18900,18950,18900,397,3,2,109504,71827,75,322
092100,002210,18850,2,150,0.8,105.78,152250,161053,8803,958,1491,533,326186,18900,18950,18850,11563,22,4,100826,63609,11233,330
092200,002210,18800,2,100,0.53,104.22,154586,161104,6518,970,1495,525,328573,18800,18800,18800,428,4,0,93190,65234,428,0
092200,002210,18850,2,150,0.8,103.87,155261,161272,6011,976,1501,525,329416,18800,18850,18800,1271,10,6,101589,66965,1103,168
092300,002210,18850,2,150,0.8,104.11,155271,161650,6379,977,1513,536,329804,18850,18850,18850,84,0,5,105098,68428,0,84
092300,002210,18850,2,150,0.8,104.41,155430,162278,6848,979,1524,545,330591,18850,18850,18800,871,2,16,105024,68879,159,712
092400,002210,18850,2,150,0.8,101.77,159455,162282,2827,996,1525,529,334620,18800,18850,18800,1848,9,1,108657,65071,1844,4
092400,002210,18800,2,100,0.53,98.92,164300,162524,-1776,1011,1526,515,339707,18800,18850,18800,6935,24,2,106922,62186,6689,246
092500,002210,18750,2,50,0.27,99.01,165409,163767,-1642,1025,1529,504,342059,18750,18800,18750,1716,7,2,93476,66362,597,1119
092500,002210,18800,2,100,0.53,98.96,166023,164289,-1734,1030,1533,503,343195,18750,18800,18750,2852,12,6,93034,70891,1211,1641
092600,002210,18800,2,100,0.53,99.5,174101,173229,-872,1038,1541,503,360213,18800,18800,18750,102,4,1,109008,74254,100,2
092600,002210,18800,2,100,0.53,99.01,175249,173513,-1736,1043,1548,505,361645,18800,18850,18750,1534,9,8,108067,80940,1248,286
092700,002210,18800,2,100,0.53,98.89,175523,173568,-1955,1047,1549,502,361974,18800,18800,18800,157,2,0,109587,80718,157,0
092700,002210,18800,2,100,0.53,98.59,176048,173568,-2480,1055,1549,494,362499,18800,18800,18800,682,10,0,99280,84600,682,0
092800,002210,18850,2,150,0.8,98.74,176048,173836,-2212,1055,1552,497,362767,18850,18850,18850,268,0,3,99698,85631,0,268
092800,002210,18850,2,150,0.8,98.64,176331,173940,-2391,1057,1555,498,363154,18850,18850,18800,655,2,6,101489,87343,283,372
092900,002210,18800,2,100,0.53,97.69,178058,173940,-4118,1063,1555,492,364881,18800,18800,18800,1727,6,0,101976,85811,1727,0
092900,002210,18800,2,100,0.53,97.7,178793,174672,-4121,1069,1558,489,366348,18800,18850,18800,3194,12,3,102281,86047,2462,732
093000,002210,18850,2,150,0.8,98.42,179004,176173,-2831,1072,1561,489,368060,18800,18850,18800,1512,2,3,101097,89511,11,1501
093000,002210,18800,2,100,0.53,96.03,185592,178219,-7373,1079,1564,485,376694,18800,18850,18800,10146,9,6,104596,85661,6599,3547
093100,002210,18750,2,50,0.27,94.75,188096,178219,-9877,1096,1564,468,379198,18800,18800,18750,1474,15,0,86061,86896,1474,0
093100,002210,18750,2,50,0.27,88.82,200831,178370,-22461,1125,1565,440,392084,18800,18800,18750,14360,44,1,88235,70680,14209,151
093200,002210,18750,2,50,0.27,87.52,205453,179814,-25639,1140,1575,435,398150,18750,18800,18700,6065,14,10,77183,70053,4621,1444
093200,002210,18750,2,50,0.27,87.82,205453,180432,-25021,1140,1589,449,398768,18750,18800,18700,6683,14,24,80619,70960,4621,2062
093300,002210,18800,2,100,0.53,93.53,205503,192216,-13287,1143,1602,459,410602,18750,18800,18750,11834,3,13,103963,73346,50,11784
093400,002210,18800,2,100,0.53,93.07,206540,192219,-14321,1152,1603,451,411642,18800,18800,18800,0,0,0,105498,74334,0,0
093400,002210,18750,2,50,0.27,93.24,207044,193057,-13987,1155,1607,452,412984,18800,18850,18750,1342,3,4,90276,79098,504,838
093500,002210,18800,2,100,0.53,92.76,208139,193060,-15079,1158,1610,452,414082,18800,18800,18800,0,0,0,92724,77892,0,0
093500,002210,18750,2,50,0.27,92.08,209901,193286,-16615,1164,1614,450,416070,18750,18750,18700,1988,6,4,78860,80280,1762,226
093600,002210,18750,2,50,0.27,92.74,210125,194874,-15251,1169,1621,452,417882,18750,18750,18750,0,0,0,89957,78969,0,0
093600,002210,18700,3,0,0.0,92.92,210254,195360,-14894,1171,1628,457,418497,18750,18750,18700,615,2,7,81383,79971,129,486
093700,002210,18700,3,0,0.0,90.61,216374,196066,-20308,1177,1630,453,425323,18700,18700,18700,0,0,0,81450,76134,0,0
093700,002210,18700,3,0,0.0,88.89,220626,196112,-24514,1190,1632,442,429621,18750,18750,18700,4298,13,2,84010,71654,4252,46
093800,002210,18700,3,0,0.0,88.78,222099,197170,-24929,1196,1634,438,432152,18700,18700,18700,0,0,0,83152,72793,0,0
093800,002210,18700,3,0,0.0,85.37,230970,197170,-33800,1215,1634,419,441023,18700,18700,18700,8871,19,0,87968,68141,8871,0
093900,002210,18700,3,0,0.0,84.7,232787,197170,-35617,1232,1634,402,442840,18700,18700,18700,2,2,0,87609,70911,2,0
093900,002210,18700,3,0,0.0,84.3,233883,197174,-36709,1238,1636,398,443940,18700,18750,18700,1102,8,2,76643,81968,1098,4
094000,002210,18700,3,0,0.0,84.03,234783,197293,-37490,1244,1639,395,444959,18650,18700,18650,323,1,1,77654,81078,223,100
094000,002210,18700,3,0,0.0,83.95,235608,197796,-37812,1248,1646,398,446287,18650,18700,18650,1651,5,8,78346,80479,1048,603
094100,002210,18650,5,50,-0.27,83.94,235639,197797,-37842,1252,1647,395,446319,18650,18650,18650,20,1,0,80409,83152,20,0
094100,002210,18600,5,100,-0.53,80.67,245373,197945,-47428,1280,1650,370,456201,18650,18700,18600,9902,29,3,76111,76042,9754,148
094200,002210,18650,5,50,-0.27,82.45,246556,203275,-43281,1290,1661,371,462714,18650,18650,18600,5278,4,8,74923,74580,254,5024
094200,002210,18650,5,50,-0.27,81.76,248984,203579,-45405,1301,1666,365,465446,18650,18650,18600,8010,15,13,72889,80771,2682,5328
094300,002210,18600,5,100,-0.53,81.16,250854,203589,-47265,1313,1670,357,467326,18600,18600,18600,1420,9,0,74507,80432,1420,0
094300,002210,18650,5,50,-0.27,83.29,251127,209175,-41952,1316,1676,360,473185,18600,18650,18600,7279,12,6,73552,85350,1693,5586
094400,002210,18650,5,50,-0.27,83.08,251790,209176,-42614,1321,1677,356,473849,18650,18650,18650,363,4,0,73289,85113,363,0
094400,002210,18650,5,50,-0.27,83.06,251826,209176,-42650,1324,1677,353,473885,18650,18650,18650,399,7,0,73411,87665,399,0
094500,002210,18650,5,50,-0.27,82.94,252244,209212,-43032,1332,1679,347,474339,18650,18700,18650,428,6,2,73730,87424,392,36
094500,002210,18650,5,50,-0.27,82.8,252662,209213,-43449,1336,1680,344,474758,18650,18700,18650,847,10,3,74024,89593,810,37
094600,002210,18650,5,50,-0.27,82.8,252862,209373,-43489,1337,1683,346,475118,18700,18700,18650,360,1,3,73568,93372,200,160
094600,002210,18650,5,50,-0.27,82.72,253429,209633,-43796,1342,1686,344,475945,18700,18700,18650,1187,6,6,73611,93656,767,420
094700,002210,18650,5,50,-0.27,82.18,255088,209633,-45455,1355,1686,331,477604,18650,18650,18650,1273,8,0,75354,90773,1273,0
094700,002210,18650,5,50,-0.27,82.15,255202,209636,-45566,1360,1689,329,477721,18650,18700,18650,1390,13,3,76185,92332,1387,3
094800,002210,18700,3,0,0.0,82.1,255342,209637,-45705,1363,1690,327,477862,18650,18700,18650,41,2,1,76165,91953,40,1
094800,002210,18650,5,50,-0.27,82.08,255397,209637,-45760,1365,1690,325,477917,18650,18700,18650,96,4,1,78496,92396,95,1
094900,002210,18700,3,0,0.0,82.68,255499,211246,-44253,1367,1694,327,479628,18650,18700,18650,1709,1,4,75612,101027,100,1609
095000,002210,18700,3,0,0.0,84.13,255519,214961,-40558,1368,1705,337,483363,18700,18700,18700,3,0,1,73673,101115,0,3
095000,002210,18700,3,0,0.0,83.86,257396,215844,-41552,1372,1709,337,486123,18700,18750,18700,2763,4,5,89012,86516,1877,886
095100,002210,18700,3,0,0.0,83.91,257396,215992,-41404,1372,1712,340,486271,18700,18700,18700,0,0,0,77458,103958,0,0
095100,002210,18700,3,0,0.0,84.01,257496,216310,-41186,1373,1717,344,486689,18700,18700,18700,418,1,5,92453,87774,100,318
095200,002210,18700,3,0,0.0,83.94,257700,216311,-41389,1377,1718,341,486894,18700,18700,18700,45,2,0,93206,89844,45,0
095200,002210,18700,3,0,0.0,83.87,257926,216311,-41615,1379,1718,339,487120,18700,18700,18700,271,4,0,93073,89669,271,0
095300,002210,18700,3,0,0.0,83.79,258199,216335,-41864,1382,1721,339,487417,18750,18750,18700,63,1,1,93712,89713,53,10
095300,002210,18700,3,0,0.0,83.62,258714,216335,-42379,1384,1721,337,487932,18750,18750,18700,578,3,1,93556,89643,568,10
095400,002210,18700,3,0,0.0,83.48,259160,216336,-42824,1391,1722,331,488379,18700,18750,18700,384,5,1,94979,88316,383,1
095400,002210,18700,3,0,0.0,83.34,259571,216336,-43235,1393,1722,329,488790,18700,18750,18700,795,7,1,95554,88660,794,1
095500,002210,18700,3,0,0.0,82.6,261989,216396,-45593,1397,1724,327,491268,18700,18700,18700,1373,2,1,79819,105269,1323,50
095500,002210,18700,3,0,0.0,82.37,262764,216449,-46315,1404,1725,321,492096,18700,18700,18700,2201,9,2,81245,105229,2098,103
095600,002210,18700,3,0,0.0,82.33,262914,216449,-46465,1406,1725,319,492246,18700,18700,18700,150,2,0,92524,94134,150,0
095600,002210,18650,5,50,-0.27,81.62,265249,216490,-48759,1409,1728,319,494622,18700,18700,18650,2526,5,3,83361,108948,2485,41
095700,002210,18700,3,0,0.0,81.69,265400,216792,-48608,1410,1730,320,495075,18650,18700,18650,453,1,2,80786,108711,151,302
095700,002210,18650,5,50,-0.27,79.7,272145,216900,-55245,1418,1733,315,501928,18650,18700,18650,7306,9,5,80277,104446,6896,410
095800,002210,18650,5,50,-0.27,79.44,273024,216900,-56124,1424,1733,309,502807,18650,18650,18650,879,6,0,80513,100260,879,0
095800,002210,18600,5,100,-0.53,77.92,279476,217760,-61716,1435,1736,301,510119,18650,18650,18600,8191,17,3,75351,103277,7331,860
095900,002210,18600,5,100,-0.53,77.5,280979,217761,-63218,1447,1737,290,511623,18600,18650,18600,1504,12,1,81481,102216,1503,1
100000,002210,18600,5,100,-0.53,77.2,282069,217761,-64308,1456,1737,281,512713,18600,18600,18600,226,1,0,81446,102914,226,0
100000,002210,18600,5,100,-0.53,76.56,284421,217761,-66660,1462,1737,275,515065,18600,18600,18600,2578,7,0,80381,100249,2578,0
100100,002210,18600,5,100,-0.53,75.43,288695,217766,-70929,1477,1738,261,519344,18600,18600,18600,1230,3,0,80351,96566,1230,0
100100,002210,18600,5,100,-0.53,74.6,291953,217788,-74165,1485,1742,257,522624,18600,18600,18550,4510,11,4,61186,96424,4488,22
100200,002210,18550,5,150,-0.8,73.86,294874,217788,-77086,1502,1742,240,525545,18550,18550,18550,524,5,0,64763,102983,524,0
100200,002210,18600,5,100,-0.53,73.58,296043,217838,-78205,1512,1743,231,526764,18550,18600,18550,1743,15,1,64672,111433,1693,50
100300,002210,18600,5,100,-0.53,75.63,296098,223949,-72149,1516,1751,235,532930,18600,18600,18600,5813,2,6,76671,106756,3,5810
100300,002210,18600,5,100,-0.53,75.35,298202,224682,-73520,1521,1755,234,535767,18600,18600,18600,8650,7,10,57046,108897,2107,6543
100400,002210,18550,5,150,-0.8,75.17,299340,225011,-74329,1527,1756,229,537234,18600,18600,18550,302,2,0,56805,100998,302,0
100400,002210,18600,5,100,-0.53,75.16,299544,225140,-74404,1529,1760,231,537567,18600,18600,18550,635,4,4,57430,101866,506,129
100500,002210,18600,5,100,-0.53,75.53,299565,226270,-73295,1530,1773,243,538718,18600,18600,18600,1108,0,6,57400,101773,0,1108
100500,002210,18600,5,100,-0.53,75.67,300097,227080,-73017,1538,1777,239,540060,18600,18600,18550,2450,8,10,73207,94798,532,1918
100600,002210,18600,5,100,-0.53,75.79,300463,227728,-72735,1541,1782,241,541074,18600,18600,18600,558,0,4,58719,100848,0,558
100600,002210,18600,5,100,-0.53,75.99,300498,228361,-72137,1546,1790,244,541742,18600,18650,18550,1226,5,12,74475,94058,35,1191
100700,002210,18600,5,100,-0.53,75.6,302049,228361,-73688,1559,1790,231,543293,18600,18600,18600,1267,7,0,74524,98295,1267,0
100700,002210,18550,5,150,-0.8,75.54,302448,228461,-73987,1564,1791,227,543792,18600,18600,18550,1766,12,1,59409,104598,1666,100
100800,002210,18550,5,150,-0.8,75.55,302489,228522,-73967,1565,1795,230,543894,18600,18600,18550,92,1,2,60142,106247,41,51
100800,002210,18550,5,150,-0.8,75.51,302678,228552,-74126,1572,1796,224,544113,18600,18600,18550,311,8,3,60134,104301,230,81
100900,002210,18600,5,100,-0.53,75.59,303440,229357,-74083,1576,1802,226,545680,18600,18600,18600,1460,3,4,75497,103133,757,703
100900,002210,18600,5,100,-0.53,75.17,305116,229358,-75758,1586,1803,217,547357,18600,18650,18600,3137,13,5,75158,95737,2433,704
101000,002210,18600,5,100,-0.53,75.08,305491,229358,-76133,1596,1803,207,547732,18600,18600,18600,178,8,0,75258,102415,178,0
101000,002210,18600,5,100,-0.53,74.68,307143,229366,-77777,1605,1804,199,549392,18600,18650,18600,1838,17,1,74858,99772,1830,8
101100,002210,18600,5,100,-0.53,74.16,309274,229366,-79908,1613,1804,191,551523,18600,18600,18600,2131,8,0,76154,99233,2131,0
101100,002210,18600,5,100,-0.53,74.12,309476,229386,-80090,1616,1805,189,551745,18600,18600,18600,2353,11,1,76218,104140,2333,20
101200,002210,18600,5,100,-0.53,73.22,313310,229391,-83919,1621,1810,189,555584,18600,18650,18600,3839,5,5,62172,107769,3834,5
101200,002210,18600,5,100,-0.53,73.23,313315,229439,-83876,1622,1823,201,555637,18600,18650,18600,3892,6,18,62221,108825,3839,53
101300,002210,18600,5,100,-0.53,73.27,313415,229651,-83764,1623,1828,205,555949,18600,18600,18550,312,1,5,62108,108780,100,212
101400,002210,18600,5,100,-0.53,73.18,313975,229758,-84217,1629,1831,202,556616,18600,18600,18600,72,1,0,76907,100958,72,0
101400,002210,18600,5,100,-0.53,73.2,314175,229968,-84207,1630,1833,203,557026,18600,18650,18600,482,2,2,78693,103188,272,210
101500,002210,18650,5,50,-0.27,73.12,314669,230095,-84574,1631,1840,209,557647,18650,18650,18650,1,0,1,78769,103798,0,1
101500,002210,18700,3,0,0.0,74.67,314669,234969,-79700,1631,1847,216,562521,18650,18700,18650,4875,0,8,78180,100879,0,4875
101600,002210,18700,3,0,0.0,74.63,314875,234977,-79898,1632,1851,219,562735,18700,18700,18700,0,0,0,77685,102308,0,0
101600,002210,18650,5,50,-0.27,74.59,315025,234982,-80043,1633,1852,219,562890,18700,18700,18650,155,1,1,78105,102113,150,5
101700,002210,18650,5,50,-0.27,74.59,315026,234982,-80044,1634,1852,218,562891,18650,18650,18650,0,0,0,79993,101824,0,0
101700,002210,18650,5,50,-0.27,74.15,317032,235081,-81951,1638,1855,217,564996,18650,18650,18650,2105,4,3,72406,105201,2006,99
101800,002210,18650,5,50,-0.27,74.26,317032,235429,-81603,1638,1858,220,565344,18650,18650,18650,0,0,0,78098,109728,0,0
101800,002210,18700,3,0,0.0,74.2,317296,235431,-81865,1642,1860,218,565610,18650,18700,18650,266,4,2,81212,105959,264,2
101900,002210,18700,3,0,0.0,74.22,317346,235543,-81803,1643,1864,221,565772,18700,18700,18700,54,0,1,82921,107486,0,54
101900,002210,18650,5,50,-0.27,74.23,317533,235704,-81829,1646,1867,221,566120,18700,18700,18650,402,3,4,81165,107723,187,215
102000,002210,18650,5,50,-0.27,73.79,319495,235759,-83736,1648,1873,225,568137,18650,18650,18650,54,0,5,79678,109336,0,54
102000,002210,18650,5,50,-0.27,73.83,319495,235870,-83625,1648,1881,233,568248,18650,18650,18650,165,0,13,79800,109369,0,165
102100,002210,18600,5,100,-0.53,73.31,321722,235870,-85852,1653,1881,228,570475,18600,18600,18600,688,2,0,82229,107549,688,0
102100,002210,18650,5,50,-0.27,72.99,323161,235891,-87270,1655,1883,228,571935,18600,18650,18600,2148,4,2,89087,106498,2127,21
102200,002210,18600,5,100,-0.53,72.97,323281,235892,-87389,1658,1884,226,572056,18600,18600,18600,20,2,0,88997,107012,20,0
102200,002210,18600,5,100,-0.53,72.82,323949,235902,-88047,1662,1885,223,572734,18600,18650,18600,698,6,1,89318,106880,688,10
102300,002210,18550,5,150,-0.8,72.14,327808,236496,-91312,1664,1889,225,577187,18600,18600,18550,130,1,1,65757,111492,100,30
102300,002210,18600,5,100,-0.53,72.12,327982,236531,-91451,1668,1891,223,577396,18600,18600,18550,339,5,3,66071,111586,274,65
102400,002210,18550,5,150,-0.8,72.07,328186,236535,-91651,1669,1895,226,577604,18600,18600,18550,205,1,1,66283,110153,204,1
102400,002210,18550,5,150,-0.8,71.75,329693,236544,-93149,1675,1898,223,579120,18600,18600,18550,1721,7,4,68114,108544,1711,10
102500,002210,18550,5,150,-0.8,71.39,331319,236544,-94775,1680,1898,218,580746,18550,18550,18550,0,0,0,67963,113895,0,0
102500,002210,18550,5,150,-0.8,70.3,336496,236544,-99952,1685,1898,213,585923,18550,18550,18550,5177,5,0,66874,108346,5177,0
102600,002210,18550,5,150,-0.8,70.25,336731,236549,-100182,1687,1900,213,586163,18550,18550,18550,3,0,1,59018,116186,0,3
102600,002210,18500,5,200,-1.07,70.19,337048,236573,-100475,1691,1902,211,586504,18550,18550,18500,344,4,3,62449,121824,317,27
102700,002210,18500,5,200,-1.07,70.07,337608,236573,-101035,1697,1902,205,587064,18500,18500,18500,428,3,0,62246,119035,428,0
102700,002210,18500,5,200,-1.07,69.98,338077,236583,-101494,1701,1903,202,587543,18500,18550,18500,907,7,1,62239,123112,897,10
102800,002210,18500,5,200,-1.07,69.85,338689,236583,-102106,1706,1903,197,588155,18500,18500,18500,220,2,0,61186,124013,220,0
102800,002210,18550,5,150,-0.8,70.78,338980,239922,-99058,1709,1909,200,591785,18500,18550,18500,3850,5,6,63582,109144,511,3339
102900,002210,18550,5,150,-0.8,70.77,341555,241706,-99849,1712,1917,205,596144,18550,18550,18550,1784,0,8,61596,126987,0,1784
102900,002210,18550,5,150,-0.8,71.55,341660,244457,-97203,1714,1926,212,599000,18550,18550,18550,4640,2,17,65707,115920,105,4535
103000,002210,18550,5,150,-0.8,71.52,341805,244457,-97348,1716,1926,210,599145,18550,18550,18550,0,0,0,65682,116439,0,0
103000,002210,18550,5,150,-0.8,71.31,342831,244478,-98353,1723,1928,205,600192,18550,18550,18550,1047,7,2,58130,128004,1026,21
103100,002210,18550,5,150,-0.8,71.39,342881,244791,-98090,1724,1930,206,600555,18550,18550,18550,50,1,0,65516,119879,50,0
103100,002210,18550,5,150,-0.8,71.38,342931,244791,-98140,1727,1930,203,600605,18550,18550,18550,100,4,0,66478,120698,100,0
103200,002210,18600,5,100,-0.53,71.4,342950,244866,-98084,1728,1931,203,600699,18600,18600,18600,75,0,1,66478,118628,0,75
103200,002210,18550,5,150,-0.8,71.3,343441,244866,-98575,1732,1931,199,601190,18600,18600,18550,566,4,1,63583,119811,491,75
103300,002210,18550,5,150,-0.8,71.3,343446,244866,-98580,1733,1931,198,601195,18550,18550,18550,5,1,0,65989,119744,5,0
103300,002210,18550,5,150,-0.8,71.24,343711,244866,-98845,1736,1931,195,601460,18550,18550,18550,270,4,0,65939,120220,270,0
103400,002210,18550,5,150,-0.8,70.89,345422,244866,-100556,1740,1931,191,603171,18550,18550,18550,1711,4,0,66341,119578,1711,0
103400,002210,18550,5,150,-0.8,70.85,345612,244866,-100746,1743,1931,188,603361,18550,18550,18550,1901,7,0,66552,118538,1901,0
103500,002210,18550,5,150,-0.8,70.66,346742,245020,-101722,1748,1935,187,604645,18550,18550,18550,1284,5,4,59039,131509,1130,154
103500,002210,18550,5,150,-0.8,70.74,346742,245287,-101455,1748,1936,188,604912,18550,18550,18550,1551,5,5,58718,131387,1130,421
103600,002210,18550,5,150,-0.8,70.63,347278,245287,-101991,1753,1936,183,605448,18550,18550,18550,536,5,0,66990,108484,536,0
103600,002210,18550,5,150,-0.8,70.55,347695,245287,-102408,1756,1936,180,605865,18550,18550,18550,953,8,0,67110,108456,953,0
103700,002210,18550,5,150,-0.8,70.54,347745,245288,-102457,1757,1937,180,605916,18600,18600,18550,51,1,1,66955,108691,50,1
103700,002210,18600,5,100,-0.53,70.54,347745,245289,-102456,1757,1938,181,605917,18600,18600,18550,52,1,2,71055,109138,50,2
103800,002210,18600,5,100,-0.53,70.54,347745,245289,-102456,1757,1938,181,605917,18600,18600,18600,0,0,0,71055,109138,0,0
103900,002210,18550,5,150,-0.8,70.52,347845,245289,-102556,1758,1938,180,606017,18550,18550,18550,0,0,0,68238,111199,0,0
103900,002210,18550,5,150,-0.8,70.52,347845,245289,-102556,1758,1938,180,606017,18550,18550,18550,0,0,0,68238,111199,0,0
104000,002210,18550,5,150,-0.8,70.02,350319,245289,-105030,1763,1938,175,608491,18550,18550,18550,100,1,0,71248,106868,100,0
104000,002210,18550,5,150,-0.8,69.99,350672,245445,-105227,1766,1942,176,609000,18550,18550,18550,609,4,4,58629,120002,453,156
104100,002210,18550,5,150,-0.8,70.05,350672,245633,-105039,1766,1949,183,609188,18550,18550,18550,15,0,2,63567,123289,0,15
104100,002210,18550,5,150,-0.8,70.37,350672,246755,-103917,1766,1960,194,610310,18550,18550,18550,1137,0,13,64240,121515,0,1137
104200,002210,18550,5,150,-0.8,70.87,350675,248529,-102146,1767,1969,202,612087,18550,18550,18550,700,0,3,62335,119139,0,700
104200,002210,18500,5,200,-1.07,70.87,350780,248583,-102197,1770,1971,201,612246,18550,18550,18500,859,3,5,62329,120606,105,754
104300,002210,18550,5,150,-0.8,70.77,351277,248613,-102664,1771,1973,202,612773,18500,18550,18500,507,1,1,62045,122354,497,10
104300,002210,18550,5,150,-0.8,70.78,351277,248637,-102640,1771,1976,205,612797,18500,18550,18500,531,1,4,60483,121803,497,34
104400,002210,18550,5,150,-0.8,70.78,351277,248645,-102632,1771,1977,206,612805,18550,18550,18550,0,0,0,62376,125234,0,0
104400,002210,18500,5,200,-1.07,70.97,351478,249434,-102044,1772,1980,208,613795,18550,18550,18500,990,1,3,60775,124270,201,789
104500,002210,18550,5,150,-0.8,71.17,351478,250160,-101318,1772,1991,219,614521,18550,18550,18550,22,0,2,61466,126279,0,22
104500,002210,18550,5,150,-0.8,71.2,351905,250573,-101332,1775,1995,220,615361,18550,18550,18500,862,3,6,61108,125491,427,435
104600,002210,18500,5,200,-1.07,71.16,352121,250582,-101539,1777,1996,219,615586,18500,18500,18500,200,1,0,60662,124126,200,0
104600,002210,18550,5,150,-0.8,71.2,352121,250712,-101409,1777,2001,224,615716,18500,18550,18500,330,1,5,62252,124240,200,130
104700,002210,18550,5,150,-0.8,71.12,352506,250713,-101793,1779,2002,223,616102,18550,18550,18550,1,0,1,60732,125840,0,1
104700,002210,18500,5,200,-1.07,70.92,353517,250713,-102804,1782,2002,220,617113,18550,18550,18500,1012,3,1,63032,127174,1011,1
104800,002210,18550,5,150,-0.8,70.89,353647,250715,-102932,1783,2003,220,617245,18550,18550,18550,2,0,1,63032,124014,0,2
104800,002210,18550,5,150,-0.8,70.97,354102,251289,-102813,1786,2011,225,618274,18550,18550,18500,1031,3,9,65976,123156,455,576
104900,002210,18500,5,200,-1.07,70.95,354202,251297,-102905,1787,2014,227,618382,18500,18500,18500,100,1,0,66358,123681,100,0
104900,002210,18550,5,150,-0.8,72.73,354296,257675,-96621,1791,2025,234,624854,18500,18550,18500,6572,5,11,66913,109326,194,6378
105000,002210,18550,5,150,-0.8,72.7,354437,257675,-96762,1792,2025,233,624995,18550,18550,18550,141,1,0,66928,109956,141,0
105000,002210,18600,5,100,-0.53,72.72,354487,257779,-96708,1793,2027,234,625149,18550,18600,18550,295,2,2,67322,118836,191,104
105100,002210,18600,5,100,-0.53,73.24,354487,259626,-94861,1793,2033,240,626996,18600,18600,18600,1844,0,4,61484,115840,0,1844
105100,002210,18600,5,100,-0.53,73.26,354730,259890,-94840,1795,2038,243,627503,18600,18600,18600,2351,2,9,89109,106862,243,2108
105200,002210,18600,5,100,-0.53,73.25,354776,259890,-94886,1796,2038,242,627549,18600,18600,18600,0,0,0,89109,106724,0,0
105200,002210,18650,5,50,-0.27,73.32,354776,260132,-94644,1796,2041,245,627791,18650,18650,18650,242,0,3,89975,113341,0,242
105300,002210,18650,5,50,-0.27,73.41,354776,260453,-94323,1796,2046,250,628112,18650,18650,18650,56,0,3,90055,118043,0,56
105300,002210,18650,5,50,-0.27,73.52,354776,260818,-93958,1796,2057,261,628477,18650,18650,18650,421,0,14,90120,118110,0,421
105400,002210,18600,5,100,-0.53,73.41,355276,260818,-94458,1797,2057,260,628977,18600,18600,18600,500,1,0,90960,119015,500,0
105400,002210,18550,5,150,-0.8,73.37,355701,260991,-94710,1799,2062,263,629575,18600,18600,18550,1098,3,5,63852,118387,925,173
105500,002210,18550,5,150,-0.8,73.31,356260,261191,-95069,1801,2063,262,630334,18550,18600,18550,759,2,1,64214,118373,559,200
105500,002210,18550,5,150,-0.8,73.34,356294,261321,-94973,1802,2065,263,630498,18550,18600,18550,923,3,3,64726,114821,593,330
105600,002210,18550,5,150,-0.8,73.24,356794,261321,-95473,1803,2065,262,630998,18550,18550,18550,500,1,0,65050,115779,500,0
105600,002210,18500,5,200,-1.07,72.83,358788,261321,-97467,1808,2065,257,632992,18550,18550,18500,2494,6,0,60912,127888,2494,0
105700,002210,18550,5,150,-0.8,72.84,358892,261419,-97473,1810,2069,259,633194,18550,18600,18550,109,2,3,67479,119061,104,5
105700,002210,18550,5,150,-0.8,72.83,358967,261419,-97548,1813,2069,256,633269,18550,18600,18550,184,5,3,64167,121713,179,5
105800,002210,18550,5,150,-0.8,72.8,359096,261419,-97677,1816,2069,253,633398,18550,18550,18550,129,3,0,67595,118871,129,0
105800,002210,18550,5,150,-0.8,72.79,359145,261423,-97722,1817,2070,253,633451,18550,18600,18550,182,4,1,67661,118857,178,4
105900,002210,18550,5,150,-0.8,72.79,359145,261423,-97722,1817,2070,253,633451,18550,18550,18550,0,0,0,67661,118857,0,0
110000,002210,18600,5,100,-0.53,72.47,360745,261425,-99320,1819,2072,253,635053,18600,18600,18600,0,0,0,68974,116790,0,0
110000,002210,18550,5,150,-0.8,72.49,360945,261632,-99313,1820,2076,256,635460,18600,18600,18550,407,1,4,69096,117317,200,207
110100,002210,18600,5,100,-0.53,72.42,361472,261761,-99711,1821,2077,256,636116,18600,18600,18600,0,0,0,69096,116669,0,0
110100,002210,18550,5,150,-0.8,72.41,361552,261814,-99738,1822,2079,257,636249,18600,18600,18550,133,1,2,69143,116625,80,53
110200,002210,18550,5,150,-0.8,72.39,361657,261814,-99843,1826,2079,253,636354,18550,18550,18550,0,0,0,69373,119783,0,0
110200,002210,18600,5,100,-0.53,72.41,361657,261866,-99791,1826,2082,256,636406,18600,18600,18600,52,0,3,69643,119758,0,52
110300,002210,18550,5,150,-0.8,72.41,361662,261866,-99796,1827,2082,255,636411,18550,18550,18550,0,0,0,69589,119844,0,0
110300,002210,18550,5,150,-0.8,72.55,361677,262398,-99279,1829,2084,255,636958,18550,18600,18550,547,2,2,66537,119199,15,532
110400,002210,18550,5,150,-0.8,72.55,361689,262398,-99291,1830,2084,254,636970,18550,18550,18550,0,0,0,66983,119240,0,0
110400,002210,18550,5,150,-0.8,72.53,361769,262398,-99371,1831,2084,253,637050,18550,18550,18550,80,1,0,70058,122233,80,0
110500,002210,18600,5,100,-0.53,72.53,361769,262399,-99370,1831,2085,254,637051,18600,18600,18600,0,0,0,73553,122223,0,0
110500,002210,18600,5,100,-0.53,73.37,361821,265474,-96347,1833,2089,256,640178,18600,18600,18600,3127,2,4,93558,120876,52,3075
110600,002210,18600,5,100,-0.53,73.37,361841,265474,-96367,1834,2089,255,640198,18600,18600,18600,0,0,0,93857,112662,0,0
110600,002210,18650,5,50,-0.27,73.37,361841,265495,-96346,1834,2092,258,640219,18650,18650,18650,21,0,3,90285,112742,0,21
110700,002210,18650,5,50,-0.27,73.38,361841,265529,-96312,1834,2094,260,640253,18650,18650,18650,33,0,1,92264,119771,0,33
110700,002210,18650,5,50,-0.27,73.43,361841,265714,-96127,1834,2097,263,640438,18650,18650,18650,218,0,4,93961,117361,0,218
110800,002210,18650,5,50,-0.27,73.63,361951,266500,-95451,1836,2098,262,641334,18650,18650,18650,0,0,0,93426,114034,0,0
110800,002210,18650,5,50,-0.27,73.62,361971,266500,-95471,1837,2098,261,641354,18650,18650,18650,20,1,0,93496,110639,20,0
110900,002210,18700,3,0,0.0,73.63,361971,266534,-95437,1837,2101,264,641388,18700,18700,18700,31,0,2,93183,119281,0,31
110900,002210,18700,3,0,0.0,73.98,361971,267781,-94190,1837,2105,268,642635,18700,18700,18700,1278,0,6,91853,119090,0,1278
111000,002210,18700,3,0,0.0,74.08,361971,268142,-93829,1837,2115,278,642996,18700,18700,18700,278,0,8,91603,119208,0,278
111000,002210,18700,3,0,0.0,74.08,361971,268143,-93828,1837,2116,279,642997,18700,18700,18700,279,0,9,91597,119218,0,279
111100,002210,18650,5,50,-0.27,74.07,362055,268164,-93891,1838,2121,283,643102,18650,18650,18650,84,1,0,92696,120510,84,0
111100,002210,18700,3,0,0.0,74.31,362563,269427,-93136,1841,2128,287,644873,18650,18700,18650,1855,4,7,102516,105238,592,1263
111200,002210,18700,3,0,0.0,74.31,362953,269707,-93246,1843,2132,289,645543,18700,18700,18650,538,2,2,94948,113872,390,148
111200,002210,18700,3,0,0.0,74.52,362953,270456,-92497,1843,2139,296,646292,18700,18700,18650,1287,2,9,97113,113846,390,897
111300,002210,18700,3,0,0.0,74.63,363114,270984,-92130,1845,2148,303,647201,18750,18750,18700,231,1,5,94912,117600,2,229
111300,002210,18750,2,50,0.27,74.74,363114,271375,-91739,1845,2161,316,647592,18750,18750,18700,622,1,18,103575,104013,2,620
111400,002210,18750,2,50,0.27,74.66,363503,271376,-92127,1848,2162,314,647982,18750,18750,18750,1,0,1,105541,117464,0,1
111400,002210,18700,3,0,0.0,74.63,363800,271496,-92304,1850,2167,317,648399,18750,18750,18700,418,2,6,106038,104435,297,121
111500,002210,18700,3,0,0.0,74.61,364000,271567,-92433,1851,2170,319,648670,18750,18750,18700,271,1,3,104075,104671,200,71
111500,002210,18750,2,50,0.27,74.61,364000,271568,-92432,1851,2171,320,648671,18750,18750,18700,272,1,4,104903,104482,200,72
111600,002210,18750,2,50,0.27,74.62,364000,271609,-92391,1851,2173,322,648712,18750,18750,18750,31,0,1,105181,105571,0,31
111600,002210,18700,3,0,0.0,74.59,364122,271610,-92512,1853,2174,321,648835,18750,18750,18700,154,2,2,104955,102288,122,32
111700,002210,18700,3,0,0.0,74.55,364325,271610,-92715,1856,2174,318,649038,18700,18700,18700,103,2,0,105297,102451,103,0
111700,002210,18700,3,0,0.0,74.54,364368,271610,-92758,1859,2174,315,649081,18700,18700,18700,146,5,0,105957,102457,146,0
111800,002210,18750,2,50,0.27,74.54,364398,271612,-92786,1860,2176,316,649113,18700,18750,18700,31,1,1,105969,104769,30,1
111800,002210,18750,2,50,0.27,74.69,364399,272168,-92231,1861,2179,318,649670,18700,18750,18700,588,2,4,106613,104611,31,557
111900,002210,18750,2,50,0.27,74.69,364399,272169,-92230,1861,2180,319,649671,18750,18750,18750,0,0,0,106113,104611,0,0
111900,002210,18750,2,50,0.27,74.76,364399,272427,-91972,1861,2182,321,649929,18750,18750,18750,258,0,2,117316,101591,0,258
112000,002210,18750,2,50,0.27,74.77,364399,272467,-91932,1861,2184,323,649969,18750,18750,18750,40,0,2,117095,101591,0,40
112100,002210,18750,2,50,0.27,74.75,364487,272468,-92019,1863,2185,322,650058,18750,18750,18750,0,0,0,117405,101665,0,0
112100,002210,18750,2,50,0.27,74.83,364487,272738,-91749,1863,2187,324,650328,18750,18750,18750,270,0,2,114831,101616,0,270
112200,002210,18750,2,50,0.27,74.84,364545,272818,-91727,1864,2189,325,650466,18750,18750,18750,0,0,0,114719,101689,0,0
112200,002210,18750,2,50,0.27,74.84,364790,273016,-91774,1865,2193,328,650909,18750,18750,18700,443,1,4,115328,101831,245,198
112300,002210,18700,3,0,0.0,73.76,370163,273016,-97147,1867,2193,326,656282,18700,18700,18700,5363,1,0,115592,101950,5363,0
112300,002210,18700,3,0,0.0,73.76,370163,273026,-97137,1867,2194,327,656292,18700,18700,18700,5373,1,1,112648,109888,5363,10
112400,002210,18700,3,0,0.0,73.77,370163,273067,-97096,1867,2196,329,656333,18700,18700,18700,0,0,0,112753,109323,0,0
112400,002210,18700,3,0,0.0,73.77,370163,273067,-97096,1867,2196,329,656333,18700,18700,18700,0,0,0,112753,109323,0,0
112500,002210,18650,5,50,-0.27,73.15,373306,273067,-100239,1870,2196,326,659476,18650,18650,18650,0,0,0,115249,110746,0,0
112500,002210,18650,5,50,-0.27,73.15,373308,273071,-100237,1871,2197,326,659482,18600,18650,18600,6,1,1,109892,113441,2,4
112600,002210,18650,5,50,-0.27,73.22,373308,273346,-99962,1871,2200,329,659757,18650,18650,18650,0,0,0,111700,111819,0,0
112600,002210,18600,5,100,-0.53,72.21,378541,273346,-105195,1874,2200,326,664990,18600,18600,18600,5233,3,0,110973,105094,5233,0
112700,002210,18600,5,100,-0.53,72.17,378785,273352,-105433,1875,2201,326,665240,18600,18600,18600,0,0,0,86384,113848,0,0
112700,002210,18550,5,150,-0.8,72.18,378812,273421,-105391,1878,2204,326,665336,18600,18600,18550,96,3,3,84753,114599,27,69
112800,002210,18550,5,150,-0.8,72.02,379712,273471,-106241,1879,2205,326,666286,18550,18550,18550,900,1,0,85204,113816,900,0
112800,002210,18550,5,150,-0.8,72.0,379802,273471,-106331,1880,2205,325,666376,18550,18550,18550,990,2,0,86668,113368,990,0
112900,002210,18550,5,150,-0.8,71.77,381053,273471,-107582,1881,2205,324,667627,18550,18550,18550,0,0,0,86558,113928,0,0
112900,002210,18550,5,150,-0.8,71.75,381153,273471,-107682,1882,2205,323,667727,18550,18550,18550,100,1,0,86658,113368,100,0
113000,002210,18600,5,100,-0.53,71.75,381153,273472,-107681,1882,2206,324,667728,18600,18600,18600,0,0,0,86658,113965,0,0
113000,002210,18600,5,100,-0.53,72.48,381158,276275,-104883,1883,2211,328,670536,18600,18600,18600,2808,1,5,89713,118871,5,2803
113100,002210,18600,5,100,-0.53,72.55,381158,276546,-104612,1883,2219,336,670807,18600,18600,18600,140,0,5,88878,119937,0,140
113100,002210,18600,5,100,-0.53,72.61,381335,276894,-104441,1884,2226,342,671332,18600,18600,18600,665,1,12,112256,114118,177,488
113200,002210,18600,5,100,-0.53,72.62,381365,276954,-104411,1885,2228,343,671422,18650,18650,18600,53,1,1,112264,114737,30,23
113200,002210,18600,5,100,-0.53,72.61,381425,276954,-104471,1886,2228,342,671482,18650,18650,18600,113,2,1,112353,116503,90,23
113300,002210,18650,5,50,-0.27,72.61,381430,276961,-104469,1887,2229,342,671494,18650,18650,18650,7,0,1,112848,117594,0,7
113300,002210,18600,5,100,-0.53,72.57,381630,276961,-104669,1888,2229,341,671694,18650,18650,18600,207,1,1,112841,117594,200,7
113400,002210,18650,5,50,-0.27,72.48,382459,277211,-105248,1890,2231,341,672773,18600,18650,18600,534,1,2,112841,117394,284,250
113400,002210,18650,5,50,-0.27,72.48,382459,277218,-105241,1890,2232,342,672780,18600,18650,18600,541,1,3,112821,116740,284,257
113500,002210,18600,5,100,-0.53,72.61,382460,277702,-104758,1891,2233,342,673265,18600,18600,18600,0,0,0,112501,116741,0,0
113500,002210,18650,5,50,-0.27,72.62,382465,277755,-104710,1892,2234,342,673323,18600,18650,18600,58,1,1,112833,121188,5,53
113600,002210,18650,5,50,-0.27,72.65,382465,277866,-104599,1892,2236,344,673434,18650,18650,18650,111,0,2,112680,123115,0,111
113600,002210,18650,5,50,-0.27,72.66,382465,277916,-104549,1892,2237,345,673484,18650,18650,18650,161,0,3,112929,123115,0,161
113700,002210,18650,5,50,-0.27,72.88,382465,278756,-103709,1892,2241,349,674324,18650,18650,18650,140,0,2,112177,122315,0,140
113700,002210,18600,5,100,-0.53,72.88,382468,278757,-103711,1894,2242,348,674328,18650,18700,18600,144,2,3,117144,117372,3,141
113800,002210,18700,3,0,0.0,72.83,382777,278758,-104019,1897,2243,346,674638,18650,18700,18650,260,2,1,117570,117203,259,1
113800,002210,18650,5,50,-0.27,72.79,383027,278808,-104219,1898,2244,346,674938,18650,18700,18650,560,3,2,116791,117556,509,51
113900,002210,18650,5,50,-0.27,72.75,383267,278808,-104459,1899,2244,345,675178,18650,18650,18650,240,1,0,114660,117396,240,0
114000,002210,18650,5,50,-0.27,72.75,383267,278808,-104459,1899,2244,345,675178,18650,18650,18650,0,0,0,114660,117396,0,0
114000,002210,18650,5,50,-0.27,72.68,383621,278808,-104813,1903,2244,341,675532,18650,18650,18650,354,4,0,117438,118847,354,0
114100,002210,18700,3,0,0.0,72.72,383624,278968,-104656,1904,2245,341,675695,18650,18700,18650,163,1,1,118071,118162,3,160
114100,002210,18700,3,0,0.0,72.72,383624,278968,-104656,1904,2245,341,675695,18650,18700,18650,163,1,1,118071,118162,3,160
114200,002210,18700,3,0,0.0,72.74,383624,279035,-104589,1904,2248,344,675762,18700,18700,18700,0,0,0,117927,121478,0,0
114200,002210,18700,3,0,0.0,72.88,383624,279567,-104057,1904,2250,346,676294,18700,18700,18700,532,0,2,117928,121033,0,532
114300,002210,18700,3,0,0.0,72.88,383624,279569,-104055,1904,2251,347,676296,18700,18700,18700,0,0,0,117967,121175,0,0
114300,002210,18700,3,0,0.0,73.07,383624,280318,-103306,1904,2259,355,677045,18700,18700,18700,749,0,8,117872,120660,0,749
114400,002210,18700,3,0,0.0,73.07,383624,280318,-103306,1904,2259,355,677045,18700,18700,18700,0,0,0,117872,120660,0,0
114400,002210,18700,3,0,0.0,73.07,383624,280318,-103306,1904,2259,355,677045,18700,18700,18700,0,0,0,117891,120690,0,0
114500,002210,18650,5,50,-0.27,73.03,383840,280318,-103522,1905,2259,354,677261,18650,18650,18650,0,0,0,117901,120707,0,0
114500,002210,18650,5,50,-0.27,73.03,383840,280318,-103522,1905,2259,354,677261,18650,18650,18650,0,0,0,117901,120707,0,0
114600,002210,18650,5,50,-0.27,73.03,383840,280318,-103522,1905,2259,354,677261,18650,18650,18650,0,0,0,118453,120523,0,0
114600,002210,18650,5,50,-0.27,72.99,384028,280318,-103710,1908,2259,351,677449,18650,18650,18650,188,3,0,118465,119946,188,0
114700,002210,18700,3,0,0.0,72.98,384088,280323,-103765,1909,2260,351,677514,18700,18700,18700,5,0,1,118465,120152,0,5
114700,002210,18700,3,0,0.0,72.98,384088,280323,-103765,1909,2260,351,677514,18700,18700,18700,5,0,1,118465,120152,0,5
114800,002210,18650,5,50,-0.27,72.83,384890,280323,-104567,1910,2260,350,678316,18650,18650,18650,802,1,0,119275,117968,802,0
114800,002210,18650,5,50,-0.27,72.83,384890,280323,-104567,1910,2260,350,678316,18650,18650,18650,802,1,0,119275,117968,802,0
114900,002210,18650,5,50,-0.27,72.86,384890,280448,-104442,1910,2263,353,678441,18650,18650,18650,100,0,1,115727,118971,0,100
114900,002210,18650,5,50,-0.27,72.9,384900,280575,-104325,1911,2265,354,678578,18650,18700,18650,237,1,3,119569,116337,10,227
115000,002210,18650,5,50,-0.27,72.89,384935,280575,-104360,1912,2265,353,678613,18650,18650,18650,35,1,0,119750,116388,35,0
115000,002210,18650,5,50,-0.27,72.89,384935,280580,-104355,1912,2266,354,678618,18650,18650,18650,40,1,1,116331,119820,35,5
115100,002210,18700,3,0,0.0,72.85,385130,280586,-104544,1913,2268,355,678819,18650,18700,18650,196,1,1,118247,113510,195,1
115100,002210,18700,3,0,0.0,72.86,385130,280597,-104533,1913,2269,356,678830,18650,18700,18650,207,1,2,118246,113410,195,12
115200,002210,18650,5,50,-0.27,72.86,385130,280617,-104513,1913,2270,357,678850,18650,18650,18650,0,0,0,114367,116079,0,0
115200,002210,18650,5,50,-0.27,72.86,385130,280617,-104513,1913,2270,357,678850,18650,18650,18650,0,0,0,114367,116079,0,0
115300,002210,18650,5,50,-0.27,72.86,385130,280621,-104509,1913,2272,359,678854,18650,18650,18650,1,0,1,116255,116153,0,1
115300,002210,18600,5,100,-0.53,72.74,385886,280677,-105209,1917,2273,356,679666,18650,18650,18600,813,4,2,116488,116606,756,57
115400,002210,18650,5,50,-0.27,72.74,385886,280678,-105208,1917,2274,357,679667,18650,18650,18650,1,0,1,116488,115581,0,1
115400,002210,18650,5,50,-0.27,72.85,385886,281125,-104761,1917,2276,359,680114,18650,18650,18650,448,0,3,116356,115813,0,448
115500,002210,18650,5,50,-0.27,72.86,385886,281152,-104734,1917,2277,360,680141,18650,18650,18650,27,0,1,116446,113895,0,27
115500,002210,18650,5,50,-0.27,72.87,385886,281212,-104674,1917,2278,361,680201,18650,18650,18650,87,0,2,116419,113995,0,87
115600,002210,18650,5,50,-0.27,72.85,386044,281219,-104825,1918,2279,361,680366,18650,18650,18650,7,0,1,116659,118662,0,7
115600,002210,18600,5,100,-0.53,72.83,386109,281219,-104890,1919,2279,360,680431,18650,18650,18600,72,1,1,116652,118681,65,7
115700,002210,18600,5,100,-0.53,72.83,386112,281219,-104893,1920,2279,359,680434,18600,18600,18600,3,1,0,105529,116147,3,0
115700,002210,18600,5,100,-0.53,72.04,390378,281219,-109159,1922,2279,357,684700,18600,18600,18600,4269,3,0,105244,115445,4269,0
115800,002210,18600,5,100,-0.53,72.04,390378,281219,-109159,1922,2279,357,684700,18600,18600,18600,0,0,0,105244,115445,0,0
115900,002210,18550,5,150,-0.8,72.04,390385,281219,-109166,1923,2279,356,684707,18550,18550,18550,0,0,0,83623,120143,0,0
115900,002210,18550,5,150,-0.8,70.56,398570,281219,-117351,1938,2279,341,692892,18550,18550,18550,8185,15,0,83270,108312,8185,0
120000,002210,18550,5,150,-0.8,70.58,398570,281330,-117240,1938,2281,343,693003,18550,18550,18550,0,0,0,73416,118468,0,0
120000,002210,18550,5,150,-0.8,70.46,399346,281383,-117963,1943,2282,339,693832,18550,18550,18550,829,5,1,82926,117114,776,53
120100,002210,18550,5,150,-0.8,70.39,399819,281434,-118385,1944,2284,340,694356,18550,18550,18550,50,0,1,79887,120511,0,50
120100,002210,18500,5,200,-1.07,70.37,399919,281434,-118485,1946,2284,338,694456,18550,18550,18500,150,2,1,79846,121212,100,50
120200,002210,18550,5,150,-0.8,70.28,400478,281436,-119042,1949,2285,336,695017,18550,18550,18550,0,0,0,79649,120630,0,0
120200,002210,18550,5,150,-0.8,70.29,400478,281488,-118990,1949,2287,338,695069,18550,18550,18550,52,0,2,80805,122931,0,52
120300,002210,18550,5,150,-0.8,70.3,400528,281570,-118958,1950,2289,339,695201,18550,18550,18550,0,0,0,80997,122825,0,0
120300,002210,18500,5,200,-1.07,70.3,400553,281570,-118983,1953,2289,336,695226,18500,18500,18500,25,3,0,80582,122486,25,0
120400,002210,18500,5,200,-1.07,70.27,400703,281570,-119133,1957,2289,332,695376,18500,18500,18500,50,1,0,80730,125613,50,0
120400,002210,18500,5,200,-1.07,70.23,400903,281570,-119333,1958,2289,331,695576,18500,18500,18500,250,2,0,80730,125630,250,0
120500,002210,18500,5,200,-1.07,69.96,402496,281570,-120926,1960,2289,329,697169,18500,18500,18500,0,0,0,80730,124956,0,0
120500,002210,18500,5,200,-1.07,69.96,402496,281570,-120926,1960,2289,329,697169,18500,18500,18500,0,0,0,80730,124956,0,0
120600,002210,18500,5,200,-1.07,69.96,402496,281570,-120926,1960,2289,329,697169,18500,18500,18500,0,0,0,80731,122921,0,0
120600,002210,18500,5,200,-1.07,69.95,402550,281570,-120980,1961,2289,328,697223,18500,18500,18500,54,1,0,80786,124217,54,0
120700,002210,18500,5,200,-1.07,69.93,402663,281570,-121093,1963,2289,326,697336,18500,18500,18500,112,1,0,79992,123777,112,0
120700,002210,18500,5,200,-1.07,69.88,402924,281570,-121354,1966,2289,323,697597,18500,18500,18500,373,4,0,80091,123494,373,0
120800,002210,18500,5,200,-1.07,69.88,402934,281570,-121364,1967,2289,322,697607,18500,18500,18500,0,0,0,80091,123476,0,0
120800,002210,18500,5,200,-1.07,69.79,403434,281570,-121864,1968,2289,321,698107,18500,18500,18500,500,1,0,80109,123586,500,0
120900,002210,18550,5,150,-0.8,70.45,403434,284221,-119213,1968,2293,325,700758,18550,18550,18550,2650,0,3,75846,123275,0,2650
120900,002210,18550,5,150,-0.8,70.45,403435,284221,-119214,1969,2293,324,700759,18550,18550,18550,2651,1,3,81329,116701,1,2650
121000,002210,18550,5,150,-0.8,70.43,403535,284221,-119314,1970,2293,323,700859,18550,18550,18550,100,1,0,81429,116882,100,0
121000,002210,18600,5,100,-0.53,70.43,403535,284222,-119313,1970,2294,324,700860,18550,18600,18550,101,1,1,81156,112595,100,1
121100,002210,18600,5,100,-0.53,70.68,403623,285275,-118348,1971,2295,324,702001,18600,18600,18600,1141,1,1,104686,110932,88,1053
121100,002210,18650,5,50,-0.27,70.68,403623,285276,-118347,1971,2296,325,702002,18600,18650,18600,1142,1,2,106191,120279,88,1054
121200,002210,18650,5,50,-0.27,70.68,403623,285297,-118326,1971,2298,327,702023,18650,18650,18650,21,0,2,103286,113686,0,21
121200,002210,18650,5,50,-0.27,70.68,403623,285297,-118326,1971,2298,327,702023,18650,18650,18650,21,0,2,103286,113686,0,21
121300,002210,18650,5,50,-0.27,70.88,403623,286079,-117544,1971,2299,328,702805,18650,18650,18650,782,0,1,105369,120302,0,782
121300,002210,18650,5,50,-0.27,70.84,403944,286135,-117809,1974,2301,327,703182,18650,18700,18650,1159,3,3,111513,115706,321,838
121400,002210,18650,5,50,-0.27,70.84,403944,286135,-117809,1974,2301,327,703182,18650,18650,18650,0,0,0,111513,115706,0,0
121400,002210,18700,3,0,0.0,70.82,404043,286136,-117907,1975,2302,327,703282,18650,18700,18650,100,1,1,110825,113428,99,1
121500,002210,18650,5,50,-0.27,70.82,404044,286136,-117908,1976,2302,326,703283,18650,18650,18650,1,1,0,112039,115504,1,0
121500,002210,18650,5,50,-0.27,70.82,404045,286136,-117909,1977,2302,325,703284,18650,18650,18650,2,2,0,112021,113739,2,0
121600,002210,18650,5,50,-0.27,70.77,404308,286136,-118172,1980,2302,322,703547,18650,18650,18650,263,3,0,111289,111863,263,0
121700,002210,18650,5,50,-0.27,70.77,404335,286137,-118198,1982,2303,321,703575,18650,18650,18650,0,0,0,111558,111556,0,0
121700,002210,18650,5,50,-0.27,70.76,404388,286137,-118251,1983,2303,320,703628,18650,18650,18650,53,1,0,112590,113889,53,0
121800,002210,18700,3,0,0.0,70.76,404389,286148,-118241,1984,2305,321,703640,18700,18700,18700,0,0,0,112580,113821,0,0
121800,002210,18650,5,50,-0.27,70.67,404892,286148,-118744,1986,2305,319,704143,18650,18650,18650,503,2,0,111645,111654,503,0
121900,002210,18650,5,50,-0.27,70.67,404892,286148,-118744,1986,2305,319,704143,18650,18650,18650,0,0,0,111645,111654,0,0
121900,002210,18650,5,50,-0.27,70.67,404892,286148,-118744,1986,2305,319,704143,18650,18650,18650,0,0,0,111209,114563,0,0
122000,002210,18650,5,50,-0.27,70.67,404892,286148,-118744,1986,2305,319,704143,18650,18650,18650,0,0,0,107497,114573,0,0
122000,002210,18650,5,50,-0.27,70.72,404928,286352,-118576,1988,2306,318,704383,18650,18650,18650,240,2,1,111106,109298,36,204
122100,002210,18650,5,50,-0.27,70.72,404928,286380,-118548,1988,2309,321,704411,18650,18650,18650,23,0,2,107699,117396,0,23
122100,002210,18650,5,50,-0.27,70.72,405044,286430,-118614,1990,2310,320,704577,18650,18700,18650,189,2,3,111892,114324,116,73
122200,002210,18700,3,0,0.0,70.72,405044,286462,-118582,1990,2312,322,704609,18700,18700,18700,31,0,1,111925,110026,0,31
122200,002210,18700,3,0,0.0,70.72,405044,286462,-118582,1990,2312,322,704609,18700,18700,18700,31,0,1,111925,110026,0,31
122300,002210,18700,3,0,0.0,70.72,405044,286462,-118582,1990,2312,322,704609,18700,18700,18700,0,0,0,111925,110026,0,0
122300,002210,18700,3,0,0.0,70.74,405045,286545,-118500,1991,2314,323,704693,18650,18700,18650,84,1,2,112625,112463,1,83
122400,002210,18650,5,50,-0.27,70.64,405665,286545,-119120,1994,2314,320,705313,18650,18650,18650,610,2,0,113183,110578,610,0
122400,002210,18650,5,50,-0.27,70.63,405707,286546,-119161,1996,2315,319,705356,18650,18700,18650,653,4,1,113218,110504,652,1
122500,002210,18600,5,100,-0.53,70.58,406003,286546,-119457,1998,2315,317,705652,18600,18600,18600,0,0,0,108734,114149,0,0
122500,002210,18600,5,100,-0.53,70.57,406032,286546,-119486,2001,2315,314,705681,18600,18600,18600,29,3,0,110673,116221,29,0
122600,002210,18650,5,50,-0.27,70.6,406032,286646,-119386,2001,2316,315,705781,18650,18650,18650,100,0,1,110673,114715,0,100
122600,002210,18650,5,50,-0.27,70.6,406032,286646,-119386,2001,2316,315,705781,18650,18650,18650,100,0,1,110673,114715,0,100
122700,002210,18600,5,100,-0.53,70.58,406121,286646,-119475,2003,2316,313,705870,18600,18600,18600,89,2,0,111165,114653,89,0
122700,002210,18650,5,50,-0.27,70.66,406121,286972,-119149,2003,2318,315,706196,18600,18650,18600,415,2,2,111166,115098,89,326
122800,002210,18600,5,100,-0.53,70.64,406221,286972,-119249,2004,2318,314,706296,18600,18600,18600,100,1,0,111012,114798,100,0
122800,002210,18600,5,100,-0.53,70.61,406443,286972,-119471,2006,2318,312,706518,18600,18600,18600,322,3,0,110912,115325,322,0
122900,002210,18600,5,100,-0.53,70.47,407201,286972,-120229,2010,2318,308,707276,18600,18600,18600,758,4,0,110314,115997,758,0
122900,002210,18600,5,100,-0.53,70.5,407226,287111,-120115,2011,2321,310,707440,18600,18650,18600,922,5,3,110321,115945,783,139
123000,002210,18600,5,100,-0.53,70.5,407226,287111,-120115,2011,2321,310,707440,18600,18600,18600,0,0,0,110321,115945,0,0
123000,002210,18600,5,100,-0.53,70.48,407391,287111,-120280,2012,2321,309,707605,18600,18600,18600,165,1,0,110759,115622,165,0
123100,002210,18600,5,100,-0.53,70.31,408342,287111,-121231,2013,2321,308,708556,18600,18600,18600,951,1,0,110759,115495,951,0
123100,002210,18600,5,100,-0.53,70.14,409364,287111,-122253,2016,2321,305,709578,18600,18600,18600,1973,4,0,110976,113015,1973,0
123200,002210,18600,5,100,-0.53,70.03,409995,287111,-122884,2021,2321,300,710209,18600,18600,18600,631,5,0,110976,112504,631,0
123300,002210,18600,5,100,-0.53,69.93,410581,287111,-123470,2022,2321,299,710795,18600,18600,18600,0,0,0,110975,112503,0,0
123300,002210,18600,5,100,-0.53,69.93,410581,287111,-123470,2022,2321,299,710795,18600,18600,18600,0,0,0,110975,112503,0,0
123400,002210,18600,5,100,-0.53,69.93,410581,287111,-123470,2022,2321,299,710795,18600,18600,18600,0,0,0,85833,121035,0,0
123400,002210,18600,5,100,-0.53,69.93,410581,287111,-123470,2022,2321,299,710795,18600,18600,18600,0,0,0,86558,123578,0,0
123500,002210,18550,5,150,-0.8,69.91,410681,287112,-123569,2023,2322,299,710896,18550,18550,18550,0,0,0,86260,123560,0,0
123500,002210,18550,5,150,-0.8,69.83,411136,287112,-124024,2024,2322,298,711351,18550,18550,18550,455,1,0,86079,123563,455,0
123600,002210,18550,5,150,-0.8,69.8,411336,287112,-124224,2025,2322,297,711551,18550,18550,18550,200,1,0,86592,117274,200,0
123600,002210,18600,5,100,-0.53,69.8,411336,287114,-124222,2025,2323,298,711553,18550,18600,18550,202,1,1,86392,118818,200,2
123700,002210,18550,5,150,-0.8,69.8,411356,287115,-124241,2026,2324,298,711574,18550,18550,18550,20,1,0,85993,118949,20,0
123700,002210,18600,5,100,-0.53,69.8,411356,287116,-124240,2026,2325,299,711575,18550,18600,18550,21,1,1,86312,118966,20,1
123800,002210,18600,5,100,-0.53,69.8,411356,287116,-124240,2026,2325,299,711575,18600,18600,18600,0,0,0,86312,118966,0,0
123800,002210,18550,5,150,-0.8,69.77,411516,287116,-124400,2028,2325,297,711735,18550,18550,18550,160,2,0,86317,119280,160,0
123900,002210,18550,5,150,-0.8,69.72,411816,287116,-124700,2029,2325,296,712035,18550,18550,18550,0,0,0,86317,119426,0,0
123900,002210,18550,5,150,-0.8,69.72,411823,287116,-124707,2030,2325,295,712042,18550,18550,18550,7,1,0,86357,119230,7,0
124000,002210,18550,5,150,-0.8,69.68,412054,287116,-124938,2031,2325,294,712273,18550,18550,18550,0,0,0,86039,119471,0,0
124000,002210,18550,5,150,-0.8,69.4,413732,287116,-126616,2034,2325,291,713951,18550,18550,18550,1678,3,0,86057,118469,1678,0
124100,002210,18550,5,150,-0.8,69.4,413732,287116,-126616,2034,2325,291,713951,18550,18550,18550,0,0,0,86057,118469,0,0
124100,002210,18550,5,150,-0.8,69.4,413732,287116,-126616,2034,2325,291,713951,18550,18550,18550,0,0,0,86768,116944,0,0
124200,002210,18550,5,150,-0.8,69.3,414292,287116,-127176,2036,2325,289,714511,18550,18550,18550,0,0,0,88037,115965,0,0
124200,002210,18600,5,100,-0.53,69.3,414292,287117,-127175,2036,2326,290,714512,18600,18600,18600,1,0,1,88037,115794,0,1
124300,002210,18600,5,100,-0.53,69.31,414292,287139,-127153,2036,2328,292,714534,18600,18600,18600,2,0,1,88016,115824,0,2
124300,002210,18600,5,100,-0.53,69.33,414292,287219,-127073,2036,2333,297,714614,18600,18600,18600,82,0,6,87945,115824,0,82
124400,002210,18550,5,150,-0.8,69.27,414614,287219,-127395,2038,2333,295,714936,18550,18550,18550,322,2,0,87922,115454,322,0
124400,002210,18550,5,150,-0.8,69.26,414714,287219,-127495,2039,2333,294,715036,18550,18550,18550,422,3,0,87982,115876,422,0
124500,002210,18550,5,150,-0.8,69.17,415208,287219,-127989,2041,2333,292,715530,18550,18550,18550,494,2,0,88036,116175,494,0
124500,002210,18600,5,100,-0.53,69.19,415208,287270,-127938,2041,2335,294,715581,18550,18600,18550,545,2,2,89207,116551,494,51
124600,002210,18600,5,100,-0.53,69.2,415208,287332,-127876,2041,2338,297,715643,18600,18600,18600,62,0,3,88028,116901,0,62
124600,002210,18550,5,150,-0.8,69.19,415308,287332,-127976,2042,2338,296,715743,18600,18600,18550,162,1,3,87892,117118,100,62
124700,002210,18550,5,150,-0.8,69.18,415314,287332,-127982,2044,2338,294,715749,18550,18550,18550,6,2,0,87892,117017,6,0
124700,002210,18600,5,100,-0.53,69.26,415314,287632,-127682,2044,2339,295,716049,18550,18600,18550,306,2,1,89264,117981,6,300
124800,002210,18550,5,150,-0.8,69.26,415315,287634,-127681,2045,2341,296,716052,18600,18600,18550,3,1,2,88977,117830,1,2
124900,002210,18550,5,150,-0.8,69.26,415316,287657,-127659,2046,2343,297,716076,18550,18550,18550,0,0,0,88954,117844,0,0
124900,002210,18550,5,150,-0.8,69.26,415319,287657,-127662,2047,2343,296,716079,18550,18550,18550,3,1,0,88632,118186,3,0
125000,002210,18550,5,150,-0.8,69.06,416539,287657,-128882,2049,2343,294,717299,18550,18550,18550,0,0,0,86311,119338,0,0
125000,002210,18550,5,150,-0.8,69.06,416539,287657,-128882,2049,2343,294,717299,18550,18550,18550,0,0,0,86311,119338,0,0
125100,002210,18550,5,150,-0.8,68.99,416939,287657,-129282,2050,2343,293,717699,18550,18550,18550,0,0,0,87661,121532,0,0
125100,002210,18550,5,150,-0.8,68.98,417016,287667,-129349,2051,2344,293,717786,18600,18600,18550,87,1,1,85771,121409,77,10
125200,002210,18600,5,100,-0.53,68.98,417016,287669,-129347,2051,2345,294,717788,18600,18600,18600,0,0,0,85748,121275,0,0
125200,002210,18550,5,150,-0.8,68.98,417032,287669,-129363,2053,2345,292,717804,18550,18550,18550,16,2,0,87221,121325,16,0
125300,002210,18600,5,100,-0.53,68.98,417032,287679,-129353,2053,2346,293,717814,18600,18600,18600,0,0,0,86961,121370,0,0
125300,002210,18600,5,100,-0.53,69.01,417032,287789,-129243,2053,2348,295,717924,18600,18600,18600,110,0,2,85103,123123,0,110
125400,002210,18550,5,150,-0.8,68.99,417144,287789,-129355,2055,2348,293,718036,18550,18550,18550,60,1,0,86894,123090,60,0
125400,002210,18550,5,150,-0.8,68.99,417144,287789,-129355,2055,2348,293,718036,18550,18550,18550,60,1,0,86894,123090,60,0
125500,002210,18550,5,150,-0.8,68.99,417173,287789,-129384,2056,2348,292,718065,18550,18550,18550,29,1,0,85051,126039,29,0
125500,002210,18550,5,150,-0.8,68.96,417317,287789,-129528,2059,2348,289,718209,18550,18550,18550,173,4,0,87125,126057,173,0
125600,002210,18600,5,100,-0.53,68.97,417317,287839,-129478,2059,2349,290,718259,18600,18600,18600,0,0,0,87175,125950,0,0
125600,002210,18600,5,100,-0.53,68.99,417317,287893,-129424,2059,2350,291,718313,18600,18600,18600,54,0,1,89483,126470,0,54
125700,002210,18600,5,100,-0.53,68.99,417317,287926,-129391,2059,2351,292,718346,18600,18600,18600,0,0,0,89431,126470,0,0
125700,002210,18600,5,100,-0.53,68.99,417317,287927,-129390,2059,2352,293,718347,18600,18600,18600,1,0,1,87588,126501,0,1
125800,002210,18550,5,150,-0.8,68.99,417318,287927,-129391,2060,2352,292,718348,18550,18550,18550,1,1,0,89545,129451,1,0
125800,002210,18600,5,100,-0.53,69.09,417318,288311,-129007,2060,2355,295,718732,18550,18600,18550,385,1,3,89245,129471,1,384
125900,002210,18600,5,100,-0.53,69.12,417318,288433,-128885,2060,2359,299,718854,18600,18600,18600,0,0,0,89040,129371,0,0
125900,002210,18600,5,100,-0.53,69.13,417318,288481,-128837,2060,2361,301,718902,18600,18600,18600,48,0,2,87048,129460,0,48
130000,002210,18600,5,100,-0.53,69.14,417318,288518,-128800,2060,2363,303,718939,18600,18600,18600,37,0,2,88966,128780,0,37
130000,002210,18600,5,100,-0.53,69.14,417318,288519,-128799,2060,2364,304,718940,18600,18600,18600,38,0,3,89405,128071,0,38
130100,002210,18600,5,100,-0.53,69.14,417318,288521,-128797,2060,2366,306,718942,18600,18600,18600,2,0,2,87145,128830,0,2
130100,002210,18600,5,100,-0.53,69.15,417318,288558,-128760,2060,2368,308,718979,18600,18600,18600,39,0,4,87154,128831,0,39
130200,002210,18600,5,100,-0.53,69.15,417318,288596,-128722,2060,2371,311,719017,18600,18600,18600,37,0,2,88962,128829,0,37
130200,002210,18550,5,150,-0.8,69.17,417333,288684,-128649,2062,2376,314,719120,18600,18600,18550,140,2,7,88866,128832,15,125
130300,002210,18550,5,150,-0.8,69.17,417333,288684,-128649,2062,2376,314,719120,18550,18550,18550,0,0,0,88866,128832,0,0
130400,002210,18550,5,150,-0.8,69.18,417339,288697,-128642,2064,2378,314,719139,18550,18550,18550,0,0,0,88293,131175,0,0
130400,002210,18600,5,100,-0.53,69.04,418499,288927,-129572,2067,2384,317,720529,18550,18600,18550,1390,3,6,89960,129283,1160,230
130500,002210,18600,5,100,-0.53,69.04,418499,288929,-129570,2067,2386,319,720531,18600,18600,18600,1,0,1,89775,130545,0,1
130500,002210,18600,5,100,-0.53,69.04,418551,288988,-129563,2068,2390,322,720642,18600,18600,18550,112,1,5,87769,130441,52,60
130600,002210,18600,5,100,-0.53,69.05,418551,288992,-129559,2068,2392,324,720646,18600,18600,18600,2,0,1,89800,128344,0,2
130600,002210,18600,5,100,-0.53,69.05,418551,288992,-129559,2068,2392,324,720646,18600,18600,18600,2,0,1,89800,128344,0,2
130700,002210,18600,5,100,-0.53,69.09,418675,289275,-129400,2069,2399,330,721053,18600,18600,18600,74,0,2,87603,128294,0,74
130700,002210,18600,5,100,-0.53,69.09,418675,289275,-129400,2069,2399,330,721053,18600,18600,18600,74,0,2,87603,128294,0,74
130800,002210,18600,5,100,-0.53,69.12,418675,289383,-129292,2069,2403,334,721161,18600,18600,18600,60,0,2,89497,128350,0,60
130800,002210,18600,5,100,-0.53,69.12,418675,289384,-129291,2069,2404,335,721162,18600,18600,18600,61,0,3,89487,128440,0,61
130900,002210,18600,5,100,-0.53,69.11,418744,289403,-129341,2070,2407,337,721250,18550,18600,18550,84,1,1,87712,128406,69,15
130900,002210,18600,5,100,-0.53,69.13,418744,289458,-129286,2070,2409,339,721305,18550,18600,18550,139,1,3,87652,128606,69,70
131000,002210,18600,5,100,-0.53,69.14,418744,289501,-129243,2070,2411,341,721348,18600,18600,18600,0,0,0,87606,128505,0,0
131000,002210,18600,5,100,-0.53,69.16,418744,289622,-129122,2070,2413,343,721469,18600,18600,18600,121,0,2,89511,128725,0,121
131100,002210,18600,5,100,-0.53,69.16,418894,289690,-129204,2071,2417,346,721687,18600,18600,18550,181,1,2,87495,128080,150,31
131100,002210,18600,5,100,-0.53,69.16,418894,289717,-129177,2071,2420,349,721714,18600,18600,18550,208,1,5,87461,127987,150,58
131200,002210,18600,5,100,-0.53,69.16,418894,289717,-129177,2071,2420,349,721714,18600,18600,18600,0,0,0,87461,127987,0,0
131200,002210,18600,5,100,-0.53,69.16,418947,289736,-129211,2072,2422,350,721786,18600,18600,18550,72,1,2,89167,127425,53,19
131300,002210,18600,5,100,-0.53,69.16,418947,289744,-129203,2072,2423,351,721794,18600,18600,18600,8,0,1,89149,127412,0,8
131300,002210,18600,5,100,-0.53,68.99,420947,290428,-130519,2073,2429,356,724478,18600,18600,18550,2692,1,7,90803,125272,2000,692
131400,002210,18600,5,100,-0.53,69.03,420947,290562,-130385,2073,2432,359,724612,18600,18600,18600,7,0,1,91233,125245,0,7
131400,002210,18600,5,100,-0.53,69.03,420947,290574,-130373,2073,2434,361,724624,18600,18600,18600,19,0,3,91225,125744,0,19
131500,002210,18600,5,100,-0.53,69.05,420947,290647,-130300,2073,2437,364,724697,18600,18600,18600,73,0,3,91157,125790,0,73
131500,002210,18550,5,150,-0.8,68.16,426884,290944,-135940,2081,2442,361,730931,18600,18600,18550,6307,8,8,83251,127756,5937,370
131600,002210,18550,5,150,-0.8,68.18,426896,291045,-135851,2083,2445,362,731044,18550,18550,18550,113,2,3,82204,133559,12,101
131600,002210,18550,5,150,-0.8,68.21,426912,291190,-135722,2085,2449,364,731205,18550,18550,18550,274,4,7,89543,124484,28,246
131700,002210,18550,5,150,-0.8,68.21,426912,291190,-135722,2085,2449,364,731205,18550,18550,18550,0,0,0,89543,124484,0,0
131800,002210,18550,5,150,-0.8,68.05,427925,291191,-136734,2094,2450,356,732219,18550,18550,18550,113,7,0,88614,124003,113,0
131800,002210,18550,5,150,-0.8,67.73,429937,291191,-138746,2101,2450,349,734231,18550,18550,18550,2125,14,0,87736,123647,2125,0
131900,002210,18550,5,150,-0.8,67.93,430384,292341,-138043,2105,2456,351,735828,18550,18550,18550,5,2,0,87662,123592,5,0
131900,002210,18600,5,100,-0.53,67.93,430385,292343,-138042,2106,2457,351,735831,18550,18600,18550,8,3,1,87443,123072,6,2
132000,002210,18550,5,150,-0.8,67.94,430602,292566,-138036,2107,2459,352,736271,18550,18550,18550,217,1,0,84698,123478,217,0
132000,002210,18550,5,150,-0.8,67.89,430937,292566,-138371,2109,2459,350,736606,18550,18550,18550,552,3,0,84815,123491,552,0
132100,002210,18600,5,100,-0.53,67.89,430948,292567,-138381,2111,2460,349,736618,18600,18600,18600,1,0,1,84861,124030,0,1
132100,002210,18550,5,150,-0.8,67.88,431048,292607,-138441,2112,2461,349,736758,18600,18600,18550,141,1,2,84916,124090,100,41
132200,002210,18550,5,150,-0.8,67.88,431058,292607,-138451,2113,2461,348,736768,18550,18550,18550,0,0,0,84916,124900,0,0
132200,002210,18600,5,100,-0.53,67.89,431058,292624,-138434,2113,2463,350,736785,18600,18600,18600,17,0,2,85064,125246,0,17
132300,002210,18600,5,100,-0.53,67.89,431058,292624,-138434,2113,2463,350,736785,18600,18600,18600,0,0,0,85064,125246,0,0
132300,002210,18550,5,150,-0.8,67.87,431128,292624,-138504,2114,2463,349,736855,18550,18550,18550,70,1,0,85570,125176,70,0
132400,002210,18550,5,150,-0.8,67.74,432008,292624,-139384,2116,2463,347,737735,18550,18550,18550,880,2,0,85483,123814,880,0
132400,002210,18600,5,100,-0.53,67.74,432008,292625,-139383,2116,2464,348,737736,18550,18600,18550,881,2,1,85394,123724,880,1
132500,002210,18550,5,150,-0.8,67.73,432208,292725,-139483,2117,2465,348,738036,18600,18600,18550,300,1,1,92133,124799,200,100
132500,002210,18550,5,150,-0.8,67.72,432239,292725,-139514,2118,2465,347,738067,18600,18600,18550,331,2,1,92340,124677,231,100
132600,002210,18550,5,150,-0.8,67.64,432739,292725,-140014,2119,2465,346,738567,18550,18550,18550,500,1,0,92223,122703,500,0
132600,002210,18600,5,100,-0.53,67.59,433061,292726,-140335,2122,2466,344,738890,18550,18600,18550,823,4,1,91989,121922,822,1
132700,002210,18550,5,150,-0.8,67.59,433081,292726,-140355,2123,2466,343,738910,18550,18550,18550,20,1,0,92023,122042,20,0
132700,002210,18550,5,150,-0.8,67.54,433426,292726,-140700,2125,2466,341,739255,18550,18550,18550,365,3,0,92023,123538,365,0
132800,002210,18550,5,150,-0.8,67.54,433426,292726,-140700,2125,2466,341,739255,18550,18550,18550,0,0,0,92023,123538,0,0
132800,002210,18600,5,100,-0.53,67.49,433715,292727,-140988,2128,2467,339,739545,18550,18600,18550,290,3,1,92346,123616,289,1
132900,002210,18600,5,100,-0.53,67.55,433715,292987,-140728,2128,2470,342,739805,18600,18600,18600,260,0,3,92276,123587,0,260
132900,002210,18600,5,100,-0.53,67.56,433715,292997,-140718,2128,2471,343,739815,18600,18600,18600,270,0,4,92266,123587,0,270
133000,002210,18600,5,100,-0.53,67.48,434215,293019,-141196,2129,2473,344,740337,18600,18600,18600,22,0,2,89125,123042,0,22
133000,002210,18600,5,100,-0.53,67.48,434248,293039,-141209,2131,2474,343,740390,18600,18600,18550,75,2,3,89111,123192,33,42
133100,002210,18600,5,100,-0.53,67.48,434248,293039,-141209,2131,2474,343,740390,18600,18600,18600,0,0,0,89111,123192,0,0
133200,002210,18600,5,100,-0.53,67.49,434248,293072,-141176,2131,2476,345,740423,18600,18600,18600,0,0,0,89084,126251,0,0
133200,002210,18600,5,100,-0.53,67.5,434248,293110,-141138,2131,2477,346,740461,18600,18600,18600,38,0,1,89081,126251,0,38
133300,002210,18600,5,100,-0.53,67.5,434248,293110,-141138,2131,2477,346,740461,18600,18600,18600,0,0,0,89081,126251,0,0
133300,002210,18600,5,100,-0.53,67.5,434417,293218,-141199,2132,2480,348,740738,18600,18600,18550,277,1,3,88895,125228,169,108
133400,002210,18600,5,100,-0.53,67.49,434467,293239,-141228,2133,2481,348,740809,18600,18600,18600,0,0,0,88894,125078,0,0
133400,002210,18550,5,150,-0.8,67.49,434468,293239,-141229,2134,2481,347,740810,18550,18550,18550,1,1,0,88903,119003,1,0
133500,002210,18550,5,150,-0.8,67.49,434488,293239,-141249,2135,2481,346,740830,18550,18550,18550,0,0,0,88903,118763,0,0
133500,002210,18550,5,150,-0.8,67.48,434529,293239,-141290,2136,2481,345,740871,18550,18550,18550,41,1,0,88903,118721,41,0
133600,002210,18550,5,150,-0.8,67.36,435354,293239,-142115,2139,2481,342,741696,18550,18550,18550,125,2,0,89043,118712,125,0
133600,002210,18550,5,150,-0.8,67.36,435354,293239,-142115,2139,2481,342,741696,18550,18550,18550,125,2,0,89043,118712,125,0
133700,002210,18600,5,100,-0.53,67.36,435354,293241,-142113,2139,2482,343,741698,18600,18600,18600,2,0,1,89193,118096,0,2
133700,002210,18600,5,100,-0.53,67.36,435354,293252,-142102,2139,2483,344,741709,18600,18600,18600,13,0,2,88990,118097,0,13
133800,002210,18600,5,100,-0.53,67.4,435354,293418,-141936,2139,2488,349,741875,18600,18600,18600,13,0,2,89146,118725,0,13
133800,002210,18600,5,100,-0.53,67.41,435354,293460,-141894,2139,2490,351,741917,18600,18600,18600,55,0,4,89058,120937,0,55
133900,002210,18550,5,150,-0.8,67.4,435378,293460,-141918,2140,2490,350,741941,18550,18550,18550,0,0,0,89036,120937,0,0
133900,002210,18550,5,150,-0.8,67.4,435407,293460,-141947,2141,2490,349,741970,18550,18550,18550,29,1,0,89012,120969,29,0
134000,002210,18600,5,100,-0.53,67.4,435407,293462,-141945,2141,2491,350,741972,18600,18600,18600,2,0,1,89012,120940,0,2
134000,002210,18600,5,100,-0.53,67.4,435407,293462,-141945,2141,2491,350,741972,18600,18600,18600,2,0,1,89012,120940,0,2
134100,002210,18600,5,100,-0.53,67.46,435407,293740,-141667,2141,2493,352,742250,18600,18600,18600,278,0,2,89088,121044,0,278
134100,002210,18550,5,150,-0.8,67.45,435517,293740,-141777,2143,2493,350,742360,18600,18600,18550,388,2,2,88966,120945,110,278
134200,002210,18550,5,150,-0.8,67.45,435517,293740,-141777,2143,2493,350,742360,18550,18550,18550,0,0,0,88966,120945,0,0
134200,002210,18550,5,150,-0.8,67.39,435904,293741,-142163,2145,2494,349,742748,18550,18600,18550,388,2,1,89195,122918,387,1
134300,002210,18600,5,100,-0.53,67.31,436404,293743,-142661,2146,2495,349,743250,18550,18600,18550,502,1,1,88629,122183,500,2
134300,002210,18600,5,100,-0.53,67.31,436404,293743,-142661,2146,2495,349,743250,18550,18600,18550,502,1,1,88629,122183,500,2
134400,002210,18550,5,150,-0.8,67.2,437114,293743,-143371,2149,2495,346,743960,18550,18550,18550,710,3,0,88948,121111,710,0
134400,002210,18550,5,150,-0.8,67.2,437114,293743,-143371,2149,2495,346,743960,18550,18550,18550,710,3,0,88948,121111,710,0
134500,002210,18550,5,150,-0.8,67.14,437514,293743,-143771,2150,2495,345,744360,18550,18550,18550,400,1,0,88983,130285,400,0
134600,002210,18600,5,100,-0.53,67.14,437514,293753,-143761,2150,2496,346,744370,18600,18600,18600,0,0,0,88983,130489,0,0
134600,002210,18600,5,100,-0.53,67.14,437514,293753,-143761,2150,2496,346,744370,18600,18600,18600,0,0,0,88983,130489,0,0
134700,002210,18550,5,150,-0.8,67.12,437661,293753,-143908,2151,2496,345,744517,18550,18550,18550,0,0,0,89076,130968,0,0
134700,002210,18600,5,100,-0.53,67.13,437717,293850,-143867,2152,2513,361,744670,18550,18600,18550,153,1,17,90394,131988,56,97
134800,002210,18650,5,50,-0.27,68.85,437796,301423,-136373,2153,2541,388,752322,18600,18650,18600,6412,1,8,103188,132851,79,6333
134800,002210,18650,5,50,-0.27,68.9,437997,301796,-136201,2155,2554,399,752896,18600,18650,18600,6986,3,21,105837,125127,280,6706
134900,002210,18700,3,0,0.0,69.01,438038,302273,-135765,2158,2573,415,753414,18700,18700,18700,7,0,5,114648,122480,0,7
134900,002210,18650,5,50,-0.27,68.8,439615,302435,-137180,2164,2587,423,755153,18700,18700,18650,1746,6,19,114809,121999,1577,169
135000,002210,18650,5,50,-0.27,68.79,439630,302436,-137194,2166,2588,422,755169,18650,18650,18650,15,2,0,111543,121493,15,0
135000,002210,18650,5,50,-0.27,69.07,439734,303741,-135993,2167,2594,427,756578,18650,18650,18650,1424,3,6,112180,125194,119,1305
135100,002210,18650,5,50,-0.27,69.15,440834,304818,-136016,2170,2598,428,758755,18650,18650,18650,1100,3,0,118562,120631,1100,0
135100,002210,18650,5,50,-0.27,69.15,440839,304830,-136009,2171,2600,429,758772,18650,18700,18650,1117,4,2,118741,115778,1105,12
135200,002210,18650,5,50,-0.27,69.15,440839,304832,-136007,2171,2601,430,758774,18650,18650,18650,0,0,0,114798,119950,0,0
135200,002210,18650,5,50,-0.27,69.17,440868,304932,-135936,2172,2602,430,758903,18600,18650,18600,129,1,1,112214,115011,29,100
135300,002210,18650,5,50,-0.27,69.21,440868,305139,-135729,2172,2604,432,759110,18650,18650,18650,0,0,0,112158,115247,0,0
135300,002210,18650,5,50,-0.27,69.13,441541,305241,-136300,2174,2606,432,759885,18600,18650,18600,775,2,2,114210,113385,673,102
135400,002210,18600,5,100,-0.53,69.01,442333,305274,-137059,2177,2607,430,760710,18600,18600,18600,792,3,0,114278,113207,792,0
135400,002210,18600,5,100,-0.53,69.0,442456,305274,-137182,2181,2607,426,760833,18600,18600,18600,915,7,0,114378,116534,915,0
135500,002210,18600,5,100,-0.53,68.99,442464,305274,-137190,2182,2607,425,760841,18600,18600,18600,8,1,0,114532,116965,8,0
135500,002210,18650,5,50,-0.27,68.99,442660,305388,-137272,2185,2610,425,761151,18600,18650,18600,318,4,3,111837,120894,204,114
135600,002210,18650,5,50,-0.27,68.99,442660,305388,-137272,2185,2610,425,761151,18650,18650,18650,0,0,0,111837,120894,0,0
135600,002210,18650,5,50,-0.27,68.99,442660,305390,-137270,2185,2611,426,761153,18650,18650,18650,2,0,1,112116,116854,0,2
135700,002210,18650,5,50,-0.27,69.01,442660,305480,-137180,2185,2612,427,761243,18650,18650,18650,90,0,1,111901,117054,0,90
135700,002210,18650,5,50,-0.27,69.15,442660,306121,-136539,2185,2617,432,761884,18650,18650,18650,731,0,6,109922,117726,0,731
135800,002210,18650,5,50,-0.27,69.25,442661,306555,-136106,2186,2631,445,762319,18650,18650,18600,360,1,11,107755,121363,1,359
135800,002210,18650,5,50,-0.27,69.39,442729,307206,-135523,2189,2636,447,763038,18650,18650,18600,1079,4,16,109997,122818,69,1010
135900,002210,18650,5,50,-0.27,69.55,442729,307929,-134800,2189,2651,462,763761,18650,18650,18650,682,0,13,110204,121841,0,682
135900,002210,18650,5,50,-0.27,69.88,442729,309366,-133363,2189,2661,472,765198,18650,18650,18650,2119,0,23,108286,122143,0,2119
140000,002210,18650,5,50,-0.27,69.9,442793,309506,-133287,2191,2663,472,765402,18650,18650,18650,204,2,2,109334,122380,64,140
140100,002210,18650,5,50,-0.27,69.87,442944,309506,-133438,2194,2663,469,765553,18650,18650,18650,0,0,0,111745,122184,0,0
140100,002210,18650,5,50,-0.27,69.89,443018,309618,-133400,2195,2667,472,765739,18650,18650,18600,186,1,4,109870,127749,74,112
140200,002210,18600,5,100,-0.53,69.87,443184,309644,-133540,2196,2668,472,765931,18600,18600,18600,0,0,0,109458,128804,0,0
140200,002210,18650,5,50,-0.27,69.93,443184,309934,-133250,2196,2671,475,766221,18650,18650,18650,290,0,3,109518,129736,0,290
140300,002210,18650,5,50,-0.27,69.94,443184,309984,-133200,2196,2673,477,766271,18650,18650,18650,20,0,1,109139,129947,0,20
140300,002210,18650,5,50,-0.27,70.34,443184,311755,-131429,2196,2680,484,768042,18650,18650,18650,1791,0,8,109411,130747,0,1791
140400,002210,18700,3,0,0.0,70.5,444012,313022,-130990,2198,2692,494,770137,18700,18700,18700,0,0,0,112520,126765,0,0
140400,002210,18650,5,50,-0.27,70.35,444982,313023,-131959,2203,2693,490,771108,18650,18700,18650,971,5,1,130581,126005,970,1
140500,002210,18650,5,50,-0.27,70.33,445295,313159,-132136,2205,2699,494,771557,18650,18650,18650,250,1,0,130614,127469,250,0
140500,002210,18700,3,0,0.0,70.36,445295,313290,-132005,2205,2702,497,771688,18650,18700,18650,381,1,3,130583,127409,250,131
140600,002210,18700,3,0,0.0,70.36,445295,313290,-132005,2205,2702,497,771688,18700,18700,18700,0,0,0,130583,127409,0,0
140600,002210,18650,5,50,-0.27,70.36,445415,313391,-132024,2207,2704,497,771909,18700,18700,18650,221,2,2,130786,128593,120,101
140700,002210,18700,3,0,0.0,70.35,445505,313392,-132113,2210,2705,495,772000,18650,18700,18650,91,3,1,130896,128874,90,1
140700,002210,18650,5,50,-0.27,70.34,445665,313473,-132192,2213,2707,494,772241,18650,18700,18650,332,6,3,131027,130021,250,82
140800,002210,18700,3,0,0.0,70.34,445667,313476,-132191,2214,2708,494,772246,18650,18700,18650,5,1,1,130907,130383,2,3
140800,002210,18650,5,50,-0.27,70.0,448256,313784,-134472,2218,2710,492,775143,18650,18700,18650,2902,5,3,130605,120130,2591,311
140900,002210,18650,5,50,-0.27,69.99,448314,313786,-134528,2220,2712,492,775203,18650,18700,18650,60,2,2,127301,123322,58,2
141000,002210,18650,5,50,-0.27,70.0,448314,313841,-134473,2220,2716,496,775258,18650,18650,18650,0,0,0,129562,122722,0,0
141000,002210,18650,5,50,-0.27,70.0,448328,313851,-134477,2221,2717,496,775282,18600,18650,18600,24,1,1,130391,123675,14,10
141100,002210,18650,5,50,-0.27,70.04,448328,314019,-134309,2221,2721,500,775450,18650,18650,18650,0,0,0,130253,124107,0,0
141100,002210,18600,5,100,-0.53,69.92,449098,314019,-135079,2223,2721,498,776220,18600,18600,18600,770,2,0,131664,116885,770,0
141200,002210,18600,5,100,-0.53,69.91,449164,314019,-135145,2224,2721,497,776286,18600,18600,18600,66,1,0,132541,119384,66,0
141200,002210,18650,5,50,-0.27,69.92,449164,314049,-135115,2224,2723,499,776316,18600,18650,18600,96,1,2,132581,120760,66,30
141300,002210,18650,5,50,-0.27,69.92,449164,314049,-135115,2224,2723,499,776316,18650,18650,18650,0,0,0,132581,120760,0,0
141300,002210,18650,5,50,-0.27,69.92,449164,314052,-135112,2224,2724,500,776319,18650,18650,18650,3,0,1,132535,121067,0,3
141400,002210,18600,5,100,-0.53,69.9,449294,314052,-135242,2225,2724,499,776449,18600,18600,18600,0,0,0,132700,121235,0,0
141400,002210,18600,5,100,-0.53,69.89,449333,314052,-135281,2226,2724,498,776488,18600,18600,18600,39,1,0,132121,121317,39,0
141500,002210,18650,5,50,-0.27,69.89,449333,314053,-135280,2226,2725,499,776489,18650,18650,18650,1,0,1,131110,122828,0,1
141500,002210,18650,5,50,-0.27,69.95,449333,314309,-135024,2226,2729,503,776745,18650,18650,18650,257,0,5,130329,123066,0,257
141600,002210,18650,5,50,-0.27,69.98,449333,314439,-134894,2226,2732,506,776875,18650,18650,18650,30,0,2,130356,123254,0,30
141600,002210,18650,5,50,-0.27,69.56,452333,314660,-137673,2227,2736,509,780096,18650,18650,18600,3251,1,6,130788,120295,3000,251
141700,002210,18650,5,50,-0.27,69.56,452333,314660,-137673,2227,2736,509,780096,18650,18650,18650,0,0,0,130788,120295,0,0
141700,002210,18600,5,100,-0.53,69.47,452933,314660,-138273,2228,2736,508,780696,18600,18600,18600,600,1,0,131687,122255,600,0
141800,002210,18600,5,100,-0.53,68.85,457012,314662,-142350,2231,2738,507,784777,18600,18650,18600,4080,3,1,131885,120573,4079,1
141800,002210,18550,5,150,-0.8,67.55,465956,314742,-151214,2245,2739,494,793801,18600,18650,18550,13104,17,2,105147,115893,13023,81
141900,002210,18600,5,100,-0.53,67.55,466059,314801,-151258,2247,2742,495,793963,18600,18600,18600,59,0,3,106834,116667,0,59
141900,002210,18600,5,100,-0.53,67.6,466059,315058,-151001,2247,2745,498,794220,18600,18600,18600,316,0,6,107211,116745,0,316
142000,002210,18600,5,100,-0.53,67.82,466059,316063,-149996,2247,2750,503,795225,18600,18600,18600,975,0,4,104168,117186,0,975
142000,002210,18600,5,100,-0.53,67.87,466059,316314,-149745,2247,2752,505,795476,18600,18600,18600,1226,0,6,104159,117187,0,1226
142100,002210,18600,5,100,-0.53,67.93,466401,316822,-149579,2256,2761,505,796326,18600,18600,18600,596,7,4,130972,116099,262,334
142100,002210,18600,5,100,-0.53,67.9,466598,316822,-149776,2261,2761,500,796523,18600,18600,18600,793,12,4,131160,111654,459,334
142200,002210,18600,5,100,-0.53,67.85,466916,316823,-150093,2264,2762,498,796842,18650,18650,18600,218,1,1,131222,112653,217,1
142200,002210,18600,5,100,-0.53,67.85,466916,316823,-150093,2264,2762,498,796842,18650,18650,18600,218,1,1,131222,112653,217,1
142300,002210,18600,5,100,-0.53,67.6,468666,316836,-151830,2265,2764,499,798605,18600,18600,18600,1763,1,2,106675,117857,1750,13
142300,002210,18600,5,100,-0.53,67.65,468666,317073,-151593,2265,2767,502,798842,18600,18600,18600,2000,1,5,106529,118983,1750,250
142400,002210,18600,5,100,-0.53,67.65,468666,317073,-151593,2265,2767,502,798842,18600,18600,18600,0,0,0,106529,118983,0,0
142500,002210,18650,5,50,-0.27,67.66,468666,317076,-151590,2265,2768,503,798845,18650,18650,18650,0,0,0,132815,112782,0,0
142500,002210,18600,5,100,-0.53,67.44,470146,317076,-153070,2270,2768,498,800325,18600,18600,18600,1480,5,0,132722,113065,1480,0
142600,002210,18600,5,100,-0.53,67.26,471582,317173,-154409,2274,2769,495,801858,18600,18600,18600,0,0,0,132316,111870,0,0
142600,002210,18550,5,150,-0.8,67.13,472574,317234,-155340,2276,2772,496,802911,18600,18600,18550,1053,2,3,105493,119492,992,61
142700,002210,18550,5,150,-0.8,67.12,472648,317244,-155404,2278,2773,495,802995,18550,18550,18550,0,0,0,111921,120047,0,0
142700,002210,18600,5,100,-0.53,67.12,472648,317248,-155400,2278,2775,497,802999,18600,18600,18600,4,0,2,112505,121099,0,4
142800,002210,18600,5,100,-0.53,67.31,472648,318148,-154500,2278,2776,498,803899,18600,18600,18600,900,0,1,107075,121802,0,900
142800,002210,18600,5,100,-0.53,67.32,472648,318208,-154440,2278,2777,499,803959,18600,18600,18600,960,0,2,106608,122013,0,960
142900,002210,18600,5,100,-0.53,67.43,472648,318708,-153940,2278,2784,506,804459,18600,18600,18600,1,0,1,105309,121867,0,1
142900,002210,18600,5,100,-0.53,67.53,472648,319191,-153457,2278,2788,510,804942,18600,18600,18600,484,0,5,104945,121367,0,484
143000,002210,18600,5,100,-0.53,67.55,472648,319251,-153397,2278,2790,512,805002,18600,18600,18600,10,0,1,104954,121198,0,10
143000,002210,18600,5,100,-0.53,67.61,472648,319566,-153082,2278,2794,516,805317,18600,18600,18600,325,0,5,105928,121164,0,325
143100,002210,18550,5,150,-0.8,67.58,472863,319566,-153297,2280,2794,514,805532,18550,18550,18550,15,1,0,105972,120858,15,0
143100,002210,18550,5,150,-0.8,67.58,472890,319566,-153324,2281,2794,513,805559,18550,18550,18550,42,2,0,106016,121102,42,0
143200,002210,18550,5,150,-0.8,67.55,473074,319566,-153508,2284,2794,510,805743,18550,18550,18550,37,1,0,104017,122766,37,0
143200,002210,18550,5,150,-0.8,67.55,473104,319576,-153528,2285,2795,510,805783,18550,18600,18550,77,2,1,103790,122475,67,10
143300,002210,18600,5,100,-0.53,67.56,473104,319634,-153470,2285,2796,511,805841,18600,18600,18600,0,0,0,103990,122481,0,0
143300,002210,18550,5,150,-0.8,67.53,473364,319644,-153720,2288,2797,509,806111,18600,18600,18550,270,3,1,106064,122435,260,10
143400,002210,18550,5,150,-0.8,67.5,473564,319644,-153920,2289,2797,508,806311,18550,18550,18550,0,0,0,106356,122405,0,0
143400,002210,18600,5,100,-0.53,67.51,473564,319705,-153859,2289,2800,511,806372,18600,18600,18600,61,0,3,105483,122787,0,61
143500,002210,18550,5,150,-0.8,67.5,473664,319705,-153959,2291,2800,509,806472,18550,18550,18550,100,2,0,106668,123056,100,0
143500,002210,18550,5,150,-0.8,67.5,473674,319715,-153959,2292,2801,509,806492,18550,18600,18550,120,3,1,106875,123139,110,10
143600,002210,18550,5,150,-0.8,67.49,473782,319735,-154047,2294,2802,508,806620,18600,18600,18550,128,2,1,106965,124147,108,20
143600,002210,18550,5,150,-0.8,67.49,473782,319735,-154047,2294,2802,508,806620,18600,18600,18550,128,2,1,106965,124147,108,20
143700,002210,18550,5,150,-0.8,67.41,474292,319735,-154557,2296,2802,506,807130,18550,18550,18550,510,2,0,107555,125107,510,0
143800,002210,18600,5,100,-0.53,67.43,474612,320043,-154569,2298,2804,506,807758,18600,18600,18600,0,0,0,107649,124305,0,0
143800,002210,18550,5,150,-0.8,67.42,474713,320043,-154670,2300,2804,504,807859,18550,18550,18550,101,2,0,107459,124968,101,0
143900,002210,18550,5,150,-0.8,67.35,475214,320043,-155171,2302,2804,502,808360,18550,18550,18550,0,0,0,107512,125936,0,0
143900,002210,18550,5,150,-0.8,67.29,476041,320343,-155698,2305,2805,500,809487,18550,18600,18550,1127,3,1,106552,124363,827,300
144000,002210,18550,5,150,-0.8,67.31,476189,320543,-155646,2309,2806,497,809835,18550,18550,18550,0,0,0,107194,125581,0,0
144000,002210,18550,5,150,-0.8,66.95,480689,321833,-158856,2310,2811,501,815625,18600,18600,18550,5790,1,5,105332,125612,4500,1290
144100,002210,18600,5,100,-0.53,67.16,480690,322851,-157839,2311,2820,509,816644,18600,18600,18550,471,1,7,117505,121514,1,470
144100,002210,18550,5,150,-0.8,66.77,483525,322861,-160664,2314,2821,507,819489,18600,18600,18550,3316,4,8,120866,118931,2836,480
144200,002210,18550,5,150,-0.8,66.46,485816,322862,-162954,2320,2822,502,821781,18550,18600,18550,2292,6,1,121133,116788,2291,1
144200,002210,18600,5,100,-0.53,66.48,485966,323083,-162883,2321,2826,505,822152,18550,18600,18550,2663,7,5,121815,116789,2441,222
144300,002210,18550,5,150,-0.8,66.42,486400,323083,-163317,2324,2826,502,822586,18550,18550,18550,434,3,0,122729,116481,434,0
144400,002210,18600,5,100,-0.53,66.44,486400,323160,-163240,2324,2830,506,822663,18600,18600,18600,0,0,0,121795,115548,0,0
144400,002210,18600,5,100,-0.53,66.45,487296,323821,-163475,2325,2834,509,824220,18600,18600,18550,1557,1,4,122851,114632,896,661
144500,002210,18600,5,100,-0.53,66.47,487296,323904,-163392,2325,2836,511,824303,18600,18600,18600,0,0,0,122814,114984,0,0
144500,002210,18600,5,100,-0.53,66.48,487296,323954,-163342,2325,2837,512,824353,18600,18600,18600,50,0,1,122859,114726,0,50
144600,002210,18550,5,150,-0.8,66.46,487599,324034,-163565,2328,2838,510,824736,18550,18550,18550,0,0,0,122610,114560,0,0
144600,002210,18600,5,100,-0.53,66.47,487599,324094,-163505,2328,2840,512,824796,18600,18600,18600,60,0,2,122491,117016,0,60
144700,002210,18600,5,100,-0.53,66.47,487599,324097,-163502,2328,2842,514,824799,18600,18600,18600,2,0,1,122387,118458,0,2
144700,002210,18550,5,150,-0.8,66.46,487649,324107,-163542,2329,2843,514,824859,18600,18600,18550,62,1,2,122386,118512,50,12
144800,002210,18550,5,150,-0.8,66.44,487845,324123,-163722,2333,2846,513,825071,18600,18600,18550,189,3,2,121658,118128,174,15
144800,002210,18600,5,100,-0.53,66.28,489082,324185,-164897,2337,2848,511,826370,18600,18600,18550,1488,7,4,120870,117023,1411,77
144900,002210,18600,5,100,-0.53,66.28,489082,324185,-164897,2337,2848,511,826370,18600,18600,18600,0,0,0,120870,117023,0,0
144900,002210,18600,5,100,-0.53,66.29,489082,324222,-164860,2337,2849,512,826407,18600,18600,18600,37,0,1,122273,116935,0,37
145000,002210,18550,5,150,-0.8,66.29,489702,324647,-165055,2339,2852,513,827452,18600,18600,18550,625,1,3,121811,115280,200,425
145000,002210,18550,5,150,-0.8,66.19,490504,324647,-165857,2341,2852,511,828254,18600,18600,18550,1427,3,3,121663,116599,1002,425
145100,002210,18550,5,150,-0.8,65.93,492429,324649,-167780,2345,2853,508,830181,18550,18600,18550,1877,3,1,121779,115131,1875,2
145100,002210,18550,5,150,-0.8,65.87,493052,324769,-168283,2347,2855,508,830924,18550,18600,18550,2620,5,3,124054,115146,2498,122
145200,002210,18550,5,150,-0.8,65.86,493102,324769,-168333,2348,2855,507,830974,18550,18550,18550,0,0,0,124074,114946,0,0
145200,002210,18550,5,150,-0.8,65.83,493312,324769,-168543,2350,2855,505,831184,18550,18550,18550,210,2,0,124051,115880,210,0
145300,002210,18550,5,150,-0.8,65.83,493336,324769,-168567,2351,2855,504,831208,18550,18550,18550,24,1,0,124109,116546,24,0
145300,002210,18600,5,100,-0.53,65.69,494467,324799,-169668,2355,2856,501,832369,18550,18600,18550,1185,5,1,124628,111141,1155,30
145400,002210,18600,5,100,-0.53,65.67,494628,324800,-169828,2357,2857,500,832531,18550,18600,18550,162,2,1,124807,112572,161,1
145400,002210,18550,5,150,-0.8,65.59,495228,324800,-170428,2362,2857,495,833131,18550,18600,18550,762,7,1,124516,114355,761,1
145500,002210,18600,5,100,-0.53,65.85,495250,326118,-169132,2363,2859,496,834471,18550,18600,18550,1339,1,1,124640,115146,22,1317
145500,002210,18600,5,100,-0.53,65.85,495250,326143,-169107,2363,2860,497,834496,18550,18600,18550,1364,1,2,123006,115740,22,1342
145600,002210,18550,5,150,-0.8,65.88,495434,326385,-169049,2365,2866,501,834922,18600,18600,18550,426,2,6,123433,115734,184,242
145700,002210,18550,5,150,-0.8,64.64,505542,326801,-178741,2368,2869,501,845446,18550,18550,18550,0,0,0,142214,107130,0,0
145700,002210,18550,5,150,-0.8,64.25,509270,327201,-182069,2374,2874,500,849574,18550,18550,18550,4128,6,5,130678,108602,3728,400
145800,002210,18550,5,150,-0.8,64.39,509270,327922,-181348,2374,2887,513,850295,18550,18550,18550,39,0,1,129829,106583,0,39
145800,002210,18500,5,200,-1.07,64.38,509318,327922,-181396,2376,2887,511,850343,18550,18550,18500,87,2,1,130939,112405,48,39
145900,002210,18550,5,150,-0.8,64.56,510208,329374,-180834,2378,2893,515,852685,18550,18550,18550,1,0,1,121144,116482,0,1
145900,002210,18500,5,200,-1.07,64.41,511502,329443,-182059,2386,2902,516,854048,18550,18600,18500,1364,8,10,124223,116645,1294,70
150000,002210,18500,5,200,-1.07,64.43,511651,329645,-182006,2389,2905,516,854399,18550,18550,18500,149,2,1,122558,115877,49,100
150000,002210,18550,5,150,-0.8,64.45,511801,329856,-181945,2390,2909,519,854760,18550,18550,18500,510,3,5,123024,116259,199,311
150100,002210,18550,5,150,-0.8,64.54,511901,330386,-181515,2391,2912,521,855390,18550,18550,18550,500,0,1,122484,116312,0,500
150100,002210,18550,5,150,-0.8,64.57,511901,330543,-181358,2391,2918,527,855547,18550,18550,18550,657,0,7,122749,116636,0,657
150200,002210,18550,5,150,-0.8,64.63,511901,330817,-181084,2391,2925,534,855821,18550,18550,18550,120,0,2,122369,117140,0,120
150200,002210,18550,5,150,-0.8,64.89,511901,332153,-179748,2391,2933,542,857157,18550,18550,18550,1456,0,10,121493,117274,0,1456
150300,002210,18550,5,150,-0.8,65.15,511901,333479,-178422,2391,2948,557,858483,18550,18550,18550,761,0,8,120555,117073,0,761
150300,002210,18550,5,150,-0.8,65.27,511931,334131,-177800,2392,2968,576,859165,18550,18550,18500,1443,1,28,119892,117975,30,1413
150400,002210,18550,5,150,-0.8,64.91,515392,334544,-180848,2395,2972,577,863039,18600,18600,18550,3426,1,1,128002,112030,3424,2
150400,002210,18550,5,150,-0.8,65.24,515533,336352,-179181,2396,2986,590,864988,18600,18600,18550,5375,2,15,119963,116263,3565,1810
150500,002210,18550,5,150,-0.8,65.29,515533,336598,-178935,2396,2993,597,865234,18550,18550,18550,246,0,7,120011,117303,0,246
150500,002210,18550,5,150,-0.8,65.26,516170,336860,-179310,2399,2998,599,866133,18550,18550,18550,1145,3,12,120270,119413,637,508
150600,002210,18550,5,150,-0.8,65.2,516841,336972,-179869,2403,3001,598,866916,18550,18600,18550,783,4,3,128503,115087,671,112
150600,002210,18550,5,150,-0.8,65.2,518120,337806,-180314,2407,3005,598,869029,18550,18600,18550,2896,8,7,128863,115354,1950,946
150700,002210,18550,5,150,-0.8,64.92,520330,337807,-182523,2411,3006,595,871240,18600,18600,18550,2211,4,1,128911,114055,2210,1
150700,002210,18550,5,150,-0.8,64.94,520367,337927,-182440,2413,3008,595,871397,18600,18600,18550,2368,6,3,129371,111684,2247,121
150800,002210,18550,5,150,-0.8,64.92,520709,338057,-182652,2415,3012,597,871869,18550,18550,18550,472,2,4,130484,112837,342,130
150900,002210,18550,5,150,-0.8,64.72,522360,338063,-184297,2424,3015,591,873526,18550,18550,18550,0,0,0,122310,115161,0,0
150900,002210,18550,5,150,-0.8,65.8,522360,343694,-178666,2424,3018,594,879157,18550,18550,18550,5631,0,3,126073,115542,0,5631
151000,002210,18550,5,150,-0.8,65.75,522751,343712,-179039,2427,3019,592,879566,18550,18550,18550,0,0,0,129366,111541,0,0
151000,002210,18550,5,150,-0.8,65.62,523765,343712,-180053,2432,3019,587,880580,18550,18550,18550,1014,5,0,129589,110387,1014,0
151100,002210,18550,5,150,-0.8,65.55,524317,343713,-180604,2436,3020,584,881133,18550,18550,18550,201,2,0,129688,112060,201,0
151100,002210,18600,5,100,-0.53,65.57,524317,343770,-180547,2436,3021,585,881190,18550,18600,18550,258,2,1,129768,111892,201,57
151200,002210,18600,5,100,-0.53,65.67,524318,344325,-179993,2437,3024,587,881746,18600,18600,18600,0,0,0,129055,111434,0,0
151200,002210,18550,5,150,-0.8,65.68,524369,344431,-179938,2439,3026,587,881903,18600,18600,18550,157,2,2,139121,112349,51,106
151300,002210,18600,5,100,-0.53,65.69,524369,344463,-179906,2439,3028,589,881935,18600,18600,18600,0,0,0,140210,112584,0,0
151300,002210,18550,5,150,-0.8,65.71,524377,344551,-179826,2441,3030,589,882031,18600,18600,18550,96,2,2,140354,113244,8,88
151400,002210,18550,5,150,-0.8,65.68,524630,344551,-180079,2446,3030,584,882284,18550,18550,18550,100,1,0,140367,115552,100,0
151400,002210,18550,5,150,-0.8,65.27,527917,344553,-183364,2451,3031,580,885573,18550,18600,18550,3389,6,1,140326,109808,3387,2
151500,002210,18550,5,150,-0.8,65.25,528080,344553,-183527,2454,3031,577,885736,18550,18550,18550,63,2,0,140392,107790,63,0
151500,002210,18500,5,200,-1.07,63.92,539264,344702,-194562,2459,3032,573,897069,18550,18550,18500,11396,7,1,133950,102112,11247,149
151600,002210,18550,5,150,-0.8,64.7,539264,348919,-190345,2459,3041,582,901286,18550,18550,18550,2054,0,6,129041,103215,0,2054
151600,002210,18550,5,150,-0.8,64.71,540242,349569,-190673,2467,3060,593,902914,18550,18550,18550,3682,8,25,127281,105327,978,2704
151700,002210,18550,5,150,-0.8,64.64,542418,350620,-191798,2471,3069,598,906141,18550,18550,18500,835,2,6,128064,103262,19,816
151700,002210,18550,5,150,-0.8,64.52,543402,350625,-192777,2474,3074,600,907130,18550,18550,18500,1824,5,11,128432,102001,1003,821
151800,002210,18500,5,200,-1.07,64.58,543502,351008,-192494,2475,3079,604,907613,18550,18550,18500,483,1,5,128266,102027,100,383
151800,002210,18550,5,150,-0.8,65.33,543525,355097,-188428,2476,3098,622,911725,18550,18550,18500,4595,2,24,130748,106974,123,4472
151900,002210,18550,5,150,-0.8,65.4,543571,355484,-188087,2478,3113,635,912158,18550,18550,18500,383,1,12,126984,106970,35,348
151900,002210,18550,5,150,-0.8,66.16,543571,359637,-183934,2478,3133,655,916311,18550,18550,18500,4536,1,32,122289,106261,35,4501
152000,002210,18550,5,150,-0.8,66.22,543654,360000,-183654,2480,3152,672,916757,18550,18550,18500,445,2,18,123107,104459,83,362
152000,002210,18550,5,150,-0.8,66.3,545164,361467,-183697,2482,3186,704,919734,18550,18550,18500,3422,4,52,125062,102937,1593,1829
152000,002210,18550,5,150,-0.8,66.3,545164,361467,-183697,2482,3186,704,919734,18550,18550,18500,3422,4,52,125062,102937,1593,1829
152000,002210,18550,5,150,-0.8,66.3,545164,361467,-183697,2482,3186,704,919734,18550,18550,18500,3422,4,52,125062,102937,1593,1829
152000,002210,18550,5,150,-0.8,66.3,545164,361467,-183697,2482,3186,704,919734,18550,18550,18500,3422,4,52,125062,102937,1593,1829
152000,002210,18550,5,150,-0.8,66.3,545164,361467,-183697,2482,3186,704,919734,18550,18550,18500,3422,4,52,125062,102937,1593,1829
152000,002210,18550,5,150,-0.8,66.3,545164,361467,-183697,2482,3186,704,919734,18550,18550,18500,3422,4,52,125062,102937,1593,1829
152000,002210,18550,5,150,-0.8,66.3,545164,361467,-183697,2482,3186,704,919734,18550,18550,18500,3422,4,52,125062,102937,1593,1829
152000,002210,18550,5,150,-0.8,66.3,545164,361467,-183697,2482,3186,704,919734,18550,18550,18500,3422,4,52,125062,102937,1593,1829
152000,002210,18550,5,150,-0.8,66.3,545164,361467,-183697,2482,3186,704,919734,18550,18550,18500,3422,4,52,125062,102937,1593,1829
152000,002210,18550,5,150,-0.8,66.3,545164,361467,-183697,2482,3186,704,919734,18550,18550,18500,3422,4,52,125062,102937,1593,1829
152000,002210,18550,5,150,-0.8,66.3,545164,361467,-183697,2482,3186,704,919734,18550,18550,18500,3422,4,52,125062,102937,1593,1829
152000,002210,18550,5,150,-0.8,66.3,545164,361467,-183697,2482,3186,704,919734,18550,18550,18500,3422,4,52,125062,102937,1593,1829
152000,002210,18550,5,150,-0.8,66.3,545164,361467,-183697,2482,3186,704,919734,18550,18550,18500,3422,4,52,125062,102937,1593,1829
152000,002210,18550,5,150,-0.8,66.3,545164,361467,-183697,2482,3186,704,919734,18550,18550,18500,3422,4,52,125062,102937,1593,1829
152000,002210,18550,5,150,-0.8,66.3,545164,361467,-183697,2482,3186,704,919734,18550,18550,18500,3422,4,52,125062,102937,1593,1829
152000,002210,18550,5,150,-0.8,66.3,545164,361467,-183697,2482,3186,704,919734,18550,18550,18500,3422,4,52,125062,102937,1593,1829
152000,002210,18550,5,150,-0.8,66.3,545164,361467,-183697,2482,3186,704,919734,18550,18550,18500,3422,4,52,125062,102937,1593,1829
152000,002210,18550,5,150,-0.8,66.3,545164,361467,-183697,2482,3186,704,919734,18550,18550,18500,3422,4,52,125062,102937,1593,1829
152000,002210,18550,5,150,-0.8,66.3,545164,361467,-183697,2482,3186,704,919734,18550,18550,18500,3422,4,52,125062,102937,1593,1829
152000,002210,18550,5,150,-0.8,66.3,545164,361467,-183697,2482,3186,704,919734,18550,18550,18500,3422,4,52,125062,102937,1593,1829
