094800,001630,93600,2,5700,6.48,227.4,14158,32195,18037,556,1103,547,49121,93600,93600,93600,67,1,7,5031,285,5,62
094900,001630,93700,2,5800,6.6,227.58,14158,32221,18063,556,1107,551,49147,93700,93700,93700,0,0,0,5018,289,0,0
094900,001630,93700,2,5800,6.6,219.27,14765,32375,17610,569,1112,543,49908,93700,93700,93600,761,13,5,5486,255,607,154
095000,001630,93800,2,5900,6.71,217.14,14947,32456,17509,573,1122,549,50171,93800,93800,93800,1,0,1,5774,182,0,1
095000,001630,93800,2,5900,6.71,217.41,14947,32497,17550,573,1128,555,50212,93800,93800,93800,42,0,7,6151,228,0,42
095100,001630,93700,2,5800,6.6,219.69,14955,32854,17899,575,1137,562,50577,93800,93800,93700,6,1,1,6245,207,5,1
095100,001630,93700,2,5800,6.6,218.69,15032,32874,17842,577,1142,565,50674,93800,93800,93700,103,3,6,5863,204,82,21
095200,001630,93700,2,5800,6.6,218.45,15059,32896,17837,586,1152,566,50723,93700,93800,93700,15,8,2,6429,161,10,5
095200,001630,93700,2,5800,6.6,217.54,15135,32924,17789,590,1158,568,50827,93700,93800,93200,119,12,8,6048,423,86,33
095300,001630,93700,2,5800,6.6,217.56,15135,32928,17793,590,1160,570,50831,93700,93700,93700,0,0,0,6062,330,0,0
095300,001630,93800,2,5900,6.71,218.49,15136,33070,17934,591,1169,578,50974,93700,93800,93700,143,1,9,6486,166,1,142
095400,001630,93700,2,5800,6.6,217.95,15195,33118,17923,596,1171,575,51081,93500,93700,93500,75,4,2,6548,182,27,48
095400,001630,93700,2,5800,6.6,219.43,15195,33343,18148,596,1180,584,51306,93500,93700,93500,300,4,11,6153,603,27,273
095500,001630,93800,2,5900,6.71,220.41,15205,33513,18308,604,1190,586,51486,93800,93800,93700,14,8,3,6480,618,10,4
095500,001630,93600,2,5700,6.48,219.66,15278,33559,18281,609,1198,589,51605,93800,93800,93600,133,13,11,6504,549,83,50
095600,001630,93400,2,5500,6.26,219.07,15328,33579,18251,611,1200,589,51675,93400,93400,93400,0,0,0,6281,590,0,0
095600,001630,93600,2,5700,6.48,219.23,15405,33772,18367,616,1213,597,51945,93400,93600,93300,270,5,13,6197,734,77,193
095700,001630,93400,2,5500,6.26,217.14,15649,33980,18331,625,1220,595,52397,93300,93500,93200,252,3,7,4009,679,44,208
095700,001630,93300,2,5400,6.14,217.19,15649,33988,18339,625,1224,599,52405,93300,93500,93200,260,3,11,3205,822,44,216
095800,001630,93200,2,5300,6.03,217.8,15712,34220,18508,635,1235,600,52700,93200,93200,93100,38,9,4,2742,749,34,4
095800,001630,93100,2,5200,5.92,217.61,15727,34223,18496,636,1237,601,52718,93200,93200,93100,56,10,6,2856,777,49,7
095900,001630,93400,2,5500,6.26,218.76,15760,34476,18716,637,1244,607,53004,93300,93400,93300,16,0,5,3515,843,0,16
095900,001630,93400,2,5500,6.26,218.62,15780,34498,18718,638,1249,611,53046,93300,93400,93300,58,1,10,3502,1075,20,38
100000,001630,93500,2,5600,6.37,221.72,15952,35369,19417,640,1260,620,54089,93600,93600,93500,61,1,2,4703,985,58,3
100000,001630,93500,2,5600,6.37,221.66,15963,35384,19421,641,1263,622,54115,93600,93600,93500,87,2,5,3423,705,69,18
100100,001630,93000,2,5100,5.8,220.53,16062,35422,19360,651,1267,616,54252,93200,93200,93000,137,10,4,3172,844,99,38
100100,001630,92900,2,5000,5.69,220.33,16078,35425,19347,656,1268,612,54271,93200,93400,92900,156,15,5,3183,439,115,41
100200,001630,93200,2,5300,6.03,220.32,16081,35430,19349,657,1271,614,54279,93000,93200,93000,8,1,3,2881,481,3,5
100200,001630,93200,2,5300,6.03,220.43,16081,35447,19366,657,1275,618,54296,93000,93200,93000,25,1,7,2913,487,3,22
100300,001630,93100,2,5200,5.92,220.42,16103,35495,19392,661,1289,628,54366,93200,93200,92900,51,4,6,2510,658,22,29
100300,001630,93200,2,5300,6.03,221.29,16133,35700,19567,662,1292,630,54601,93200,93200,92900,286,5,9,2915,486,52,234
100400,001630,93000,2,5100,5.8,220.79,16183,35730,19547,670,1297,627,54681,93200,93300,93000,80,8,5,2773,705,50,30
100400,001630,93000,2,5100,5.8,220.77,16185,35732,19547,671,1299,628,54685,93200,93300,93000,84,9,7,2834,598,52,32
100500,001630,93000,2,5100,5.8,219.89,16257,35748,19491,679,1305,626,54773,93000,93100,93000,84,7,6,2205,717,68,16
100500,001630,93000,2,5100,5.8,220.03,16288,35838,19550,682,1311,629,54894,93000,93300,93000,205,10,12,2938,478,99,106
100600,001630,93300,2,5400,6.14,219.88,16299,35839,19540,684,1312,628,54906,93100,93300,93100,12,2,1,2739,659,11,1
100700,001630,93200,2,5300,6.03,219.94,16311,35874,19563,686,1323,637,54953,93200,93200,93200,0,0,0,2988,396,0,0
100700,001630,93000,2,5100,5.8,219.62,16338,35881,19543,692,1326,634,54987,93200,93200,92900,34,6,3,2827,631,27,7
100800,001630,92800,2,4900,5.57,218.81,16400,35885,19485,696,1327,631,55053,92800,92800,92800,0,0,0,2883,770,0,0
100800,001630,93200,2,5300,6.03,218.83,16406,35901,19495,697,1330,633,55075,92900,93200,92900,22,1,3,3052,494,6,16
100900,001630,93200,2,5300,6.03,218.13,16463,35911,19448,700,1333,633,55142,93200,93200,93200,3,0,1,3025,444,0,3
100900,001630,92700,2,4800,5.46,217.02,16547,35911,19364,707,1333,626,55226,93200,93200,92600,87,7,1,3024,799,84,3
101000,001630,93100,2,5200,5.92,214.48,16758,35942,19184,710,1338,628,55468,93100,93100,93100,1,0,1,2799,574,0,1
101000,001630,93100,2,5200,5.92,215.0,16766,36047,19281,718,1341,623,55581,93100,93100,93000,114,8,4,2682,619,8,106
101100,001630,93100,2,5200,5.92,214.77,16789,36058,19269,720,1345,625,55615,93100,93100,93100,16,1,1,2660,608,13,3
101100,001630,93200,2,5300,6.03,214.81,16789,36065,19276,720,1348,628,55622,93100,93200,93100,23,1,4,3043,473,13,10
101200,001630,93000,2,5100,5.8,216.64,16852,36508,19656,725,1354,629,56128,93000,93000,93000,0,0,0,2743,310,0,0
101200,001630,93400,2,5500,6.26,217.59,16903,36780,19877,729,1357,628,56451,93100,93400,93000,323,4,3,2797,692,51,272
101300,001630,93500,2,5600,6.37,217.38,16922,36785,19863,731,1360,629,56475,93500,93500,93500,1,0,1,3697,595,0,1
101300,001630,93300,2,5400,6.14,217.19,16939,36790,19851,744,1361,617,56497,93500,93500,93000,23,13,2,2920,493,17,6
101400,001630,93400,2,5500,6.26,217.59,16939,36858,19919,744,1375,631,56565,93400,93400,93400,16,0,7,3340,495,0,16
101400,001630,92900,2,5000,5.69,216.81,17001,36860,19859,751,1377,626,56629,93400,93400,92900,80,7,9,3087,736,62,18
101500,001630,93300,2,5400,6.14,216.91,17004,36883,19879,752,1379,627,56655,93300,93300,93300,0,0,0,3028,732,0,0
101500,001630,93200,2,5300,6.03,216.95,17004,36891,19887,752,1381,629,56663,93200,93200,93200,8,0,2,3020,597,0,8
101600,001630,93000,2,5100,5.8,216.9,17013,36901,19888,761,1384,623,56682,93100,93200,93000,18,8,3,3036,782,8,10
101600,001630,93300,2,5400,6.14,217.35,17016,36984,19968,762,1393,631,56768,93100,93300,93000,104,9,12,3068,518,11,93
101700,001630,93200,2,5300,6.03,217.49,17018,37013,19995,764,1397,633,56811,93200,93200,93200,20,1,3,3006,694,1,19
101700,001630,93200,2,5300,6.03,217.44,17031,37033,20002,765,1407,642,56844,93200,93300,93200,53,2,13,2957,738,14,39
101800,001630,93400,2,5500,6.26,218.12,17031,37148,20117,765,1417,652,56959,93400,93400,93400,81,0,8,3256,656,0,81
101800,001630,93300,2,5400,6.14,220.85,17048,37651,20603,767,1424,657,57479,93400,93500,93300,601,2,15,2787,664,17,584
101900,001630,93300,2,5400,6.14,221.39,17062,37774,20712,776,1433,657,57616,93400,93400,93300,121,9,4,2608,733,14,107
101900,001630,93300,2,5400,6.14,221.4,17062,37776,20714,776,1435,659,57618,93400,93400,93300,123,9,6,2581,825,14,109
102000,001630,93300,2,5400,6.14,221.49,17062,37790,20728,776,1442,666,57632,93300,93300,93300,11,0,6,2579,826,0,11
102000,001630,93300,2,5400,6.14,219.85,17211,37838,20627,779,1447,668,57829,93300,93400,93200,208,3,11,2866,758,149,59
102100,001630,93700,2,5800,6.6,220.73,17257,38092,20835,782,1456,674,58129,93400,93700,93300,264,3,8,2570,824,46,218
102100,001630,93400,2,5500,6.26,218.78,17514,38317,20803,786,1467,681,58611,93400,93800,93300,746,7,19,5407,608,303,443
102200,001630,93400,2,5500,6.26,218.6,17528,38317,20789,796,1467,671,58625,93500,93500,93300,14,10,0,5050,658,14,0
102200,001630,93600,2,5700,6.48,219.11,17545,38442,20897,798,1475,677,58767,93500,93600,93300,156,12,8,5140,723,31,125
102300,001630,93500,2,5600,6.37,219.61,17546,38533,20987,799,1477,678,58859,93400,93500,93400,92,1,2,4781,673,1,91
102400,001630,93400,2,5500,6.26,219.33,17578,38553,20975,803,1484,681,58911,93400,93400,93400,0,0,0,5239,739,0,0
102400,001630,93400,2,5500,6.26,219.46,17602,38629,21027,804,1490,686,59011,93400,93400,93400,100,1,6,4845,781,24,76
102500,001630,93400,2,5500,6.26,218.86,17653,38635,20982,807,1492,685,59068,93500,93500,93400,50,2,0,5244,660,50,0
102500,001630,93400,2,5500,6.26,219.06,17661,38689,21028,815,1505,690,59130,93500,93500,93300,112,10,13,4814,761,58,54
102600,001630,93400,2,5500,6.26,219.04,17663,38689,21026,817,1505,688,59132,93400,93400,93400,1,1,0,5092,690,1,0
102600,001630,93400,2,5500,6.26,218.97,17678,38709,21031,818,1509,691,59167,93400,93500,93400,36,2,4,3702,749,16,20
102700,001630,93400,2,5500,6.26,218.34,17735,38722,20987,823,1513,690,59237,93400,93400,93400,25,2,3,3668,725,13,12
102700,001630,93500,2,5600,6.37,218.28,17759,38765,21006,825,1519,694,59304,93400,93500,93400,92,4,9,5032,665,37,55
102800,001630,93400,2,5500,6.26,218.35,17762,38784,21022,826,1524,698,59326,93400,93400,93400,3,1,0,4939,543,3,0
102800,001630,93400,2,5500,6.26,218.76,17773,38881,21108,835,1526,691,59434,93400,93400,93300,111,10,2,4949,549,14,97
102900,001630,93500,2,5600,6.37,218.43,17809,38901,21092,838,1531,693,59490,93500,93500,93500,5,0,2,4956,589,0,5
102900,001630,93500,2,5600,6.37,218.46,17819,38927,21108,839,1540,701,59526,93500,93500,93400,41,1,11,4994,622,10,31
103000,001630,93400,2,5500,6.26,218.86,17839,39043,21204,840,1544,704,59662,93400,93400,93400,20,1,0,4876,652,20,0
103000,001630,93500,2,5600,6.37,218.91,17839,39051,21212,840,1548,708,59670,93400,93500,93400,28,1,4,5109,650,20,8
103100,001630,93500,2,5600,6.37,220.09,17861,39310,21449,849,1557,708,59951,93600,93600,93500,110,8,5,5324,576,8,102
103100,001630,93400,2,5500,6.26,219.89,17900,39361,21461,851,1563,712,60041,93600,93600,93400,200,10,11,4878,572,47,153
103200,001630,93500,2,5600,6.37,219.93,17902,39371,21469,852,1568,716,60053,93500,93500,93500,3,0,2,5074,582,0,3
103200,001630,93500,2,5600,6.37,220.42,17903,39462,21559,853,1582,729,60145,93500,93500,93400,95,1,16,5043,581,1,94
103300,001630,93300,2,5400,6.14,217.8,18147,39524,21377,861,1590,729,60451,93500,93500,93100,306,8,8,3606,483,244,62
103300,001630,93400,2,5500,6.26,217.8,18148,39526,21378,862,1592,730,60454,93500,93500,93100,309,9,10,3605,338,245,64
103400,001630,93200,2,5300,6.03,217.74,18160,39542,21382,872,1594,722,60482,93300,93400,93200,28,10,2,2956,1047,12,16
103400,001630,93400,2,5500,6.26,217.77,18163,39553,21390,873,1600,727,60496,93300,93400,93200,42,11,8,3105,1577,15,27
103500,001630,93400,2,5500,6.26,218.22,18175,39662,21487,876,1603,727,60617,93400,93400,93300,121,3,3,3624,1532,12,109
103500,001630,93600,2,5700,6.48,218.53,18184,39737,21553,877,1611,734,60701,93400,93600,93300,205,4,11,5024,998,21,184
103600,001630,93600,2,5700,6.48,218.96,18193,39835,21642,878,1623,745,60808,93600,93600,93600,107,1,12,5390,945,9,98
103700,001630,93700,2,5800,6.6,218.97,18193,39838,21645,878,1625,747,60811,93700,93700,93700,0,0,0,5402,938,0,0
103700,001630,93600,2,5700,6.48,218.89,18201,39840,21639,886,1627,741,60821,93700,93700,93600,10,8,2,5405,919,8,2
103800,001630,93700,2,5800,6.6,219.04,18209,39885,21676,887,1633,746,60874,93700,93700,93700,0,0,0,5347,1060,0,0
103800,001630,93800,2,5900,6.71,219.48,18209,39965,21756,887,1639,752,60966,93700,93800,93700,92,0,6,5696,991,0,80
103900,001630,93900,2,6000,6.83,231.88,18267,42358,24091,893,1650,757,63417,93900,93900,93900,0,0,0,4670,960,0,0
103900,001630,94000,2,6100,6.94,231.9,18280,42391,24111,896,1653,757,63463,94000,94000,94000,46,3,3,6649,732,13,33
104000,001630,94000,2,6100,6.94,231.97,18300,42450,24150,898,1664,766,63542,94000,94000,94000,0,0,0,4803,386,0,0
104000,001630,94000,2,6100,6.94,231.43,18357,42484,24127,912,1671,759,63633,93900,94000,93900,91,14,7,6798,402,57,34
104100,001630,94100,2,6200,7.05,231.6,18358,42518,24160,913,1676,763,63668,94100,94100,94100,26,0,3,6807,215,0,26
104100,001630,94000,2,6100,6.94,231.11,18422,42575,24153,917,1680,763,63789,94100,94100,94000,147,4,7,6879,215,64,83
104200,001630,94000,2,6100,6.94,231.19,18422,42589,24167,917,1683,766,63803,94000,94000,94000,13,0,2,5005,334,0,13
104200,001630,94100,2,6200,7.05,231.38,18422,42624,24202,917,1692,775,63838,94000,94100,94000,48,0,11,7098,243,0,48
104300,001630,94100,2,6200,7.05,231.37,18530,42872,24342,931,1698,767,64194,94200,94200,94100,34,12,3,6829,229,19,15
104300,001630,94200,2,6300,7.17,231.45,18530,42888,24358,931,1705,774,64210,94200,94200,94100,50,12,10,6849,326,19,31
104400,001630,94200,2,6300,7.17,231.28,18553,42909,24356,932,1712,780,64254,94100,94200,94100,38,1,3,7356,349,23,15
104400,001630,94300,2,6400,7.28,231.36,18561,42942,24381,934,1716,782,64295,94100,94300,94100,79,3,7,7954,335,31,48
104500,001630,94200,2,6300,7.17,232.17,18614,43216,24602,937,1720,783,64622,94300,94300,94200,324,3,3,7828,345,53,271
104500,001630,94300,2,6400,7.28,229.04,18885,43254,24369,941,1725,784,64931,94300,94400,94200,633,7,8,7837,358,324,309
104600,001630,94200,2,6300,7.17,228.95,18904,43280,24376,953,1730,777,64976,94300,94300,94200,39,12,2,8176,398,19,20
104600,001630,94300,2,6400,7.28,229.54,18953,43504,24551,956,1736,780,65249,94300,94300,94200,312,15,8,7953,366,68,244
104700,001630,94300,2,6400,7.28,229.71,18953,43536,24583,956,1747,791,65281,94300,94300,94300,18,0,9,8256,436,0,18
104700,001630,94200,2,6300,7.17,228.95,19024,43555,24531,959,1750,791,65371,94300,94300,94200,108,3,12,8294,370,71,37
104800,001630,94200,2,6300,7.17,227.68,19131,43557,24426,962,1751,789,65480,94100,94200,94000,109,3,1,8134,244,107,2
104800,001630,94200,2,6300,7.17,227.91,19131,43602,24471,962,1755,793,65525,94100,94200,94000,154,3,5,8104,260,107,47
104900,001630,94200,2,6300,7.17,227.51,19170,43614,24444,975,1759,784,65576,94200,94200,94100,51,13,4,8298,331,39,12
104900,001630,94100,2,6200,7.05,227.57,19171,43628,24457,976,1764,788,65591,94200,94200,94100,66,14,9,8307,333,40,26
105000,001630,94200,2,6300,7.17,227.71,19171,43654,24483,976,1770,794,65617,94200,94200,94200,26,0,6,8389,355,0,26
105100,001630,94200,2,6300,7.17,227.42,19202,43670,24468,977,1777,800,65664,94200,94200,94200,0,0,0,8370,334,0,0
105100,001630,94300,2,6400,7.28,228.72,19202,43919,24717,977,1792,815,65913,94200,94300,94200,249,0,15,8130,360,0,249
105200,001630,94300,2,6400,7.28,228.82,19202,43938,24736,977,1797,820,65932,94300,94300,94300,0,0,0,8215,402,0,0
105200,001630,94300,2,6400,7.28,228.62,19222,43945,24723,990,1800,810,65959,94200,94300,94200,27,13,3,8262,368,20,7
105300,001630,94300,2,6400,7.28,228.39,19259,43985,24726,992,1805,813,66036,94300,94300,94300,4,0,2,8237,440,0,4
105300,001630,94300,2,6400,7.28,228.77,19259,44059,24800,992,1811,819,66110,94300,94300,94300,78,0,8,8207,397,0,78
105400,001630,94300,2,6400,7.28,228.94,19259,44092,24833,992,1817,825,66143,94300,94300,94300,0,0,0,8228,452,0,0
105400,001630,94500,2,6600,7.51,237.39,19271,45748,26477,993,1831,838,67811,94300,94500,94300,1668,1,14,6942,382,12,1656
105500,001630,94500,2,6600,7.51,237.43,19298,45819,26521,996,1847,851,67909,94400,94500,94400,39,2,5,6910,368,17,22
105500,001630,94400,2,6500,7.39,236.74,19367,45849,26482,1011,1850,839,68008,94400,94500,94200,138,17,8,6925,359,86,52
105600,001630,94500,2,6600,7.51,236.77,19397,45927,26530,1012,1859,847,68116,94400,94500,94400,70,0,5,7236,445,0,70
105600,001630,94500,2,6600,7.51,237.26,19411,46054,26643,1013,1866,853,68257,94400,94500,94400,211,1,12,7105,438,14,197
105700,001630,94500,2,6600,7.51,236.89,19443,46059,26616,1016,1868,852,68294,94400,94500,94400,3,1,1,7199,406,1,2
105700,001630,94600,2,6700,7.62,247.15,19470,48121,28651,1018,1885,867,70383,94400,94700,94400,2092,3,18,5764,470,28,2064
105800,001630,94600,2,6700,7.62,247.15,19489,48167,28678,1030,1893,863,70448,94600,94600,94500,58,12,6,5739,499,19,39
105800,001630,94600,2,6700,7.62,247.46,19513,48286,28773,1032,1902,870,70591,94600,94600,94500,201,14,15,5652,486,43,158
105900,001630,94600,2,6700,7.62,251.07,19539,49057,29518,1035,1914,879,71388,94600,94800,94600,790,3,9,5459,503,26,764
105900,001630,94800,2,6900,7.85,251.36,19539,49113,29574,1035,1920,885,71444,94600,94800,94600,846,3,15,4769,512,26,820
110000,001630,94400,2,6500,7.39,249.2,19710,49118,29408,1041,1922,881,71620,94800,94800,94400,2,1,1,4350,428,1,1
110000,001630,94700,2,6800,7.74,249.33,19714,49153,29439,1043,1928,885,71659,94800,94800,94400,41,3,7,4383,432,5,36
110100,001630,94500,2,6600,7.51,249.19,19735,49177,29442,1052,1932,880,71704,94700,94700,94500,40,9,2,4752,435,21,19
110100,001630,94700,2,6800,7.74,249.3,19762,49266,29504,1059,1938,879,71820,94700,94700,94500,156,16,8,4875,449,48,108
110200,001630,94700,2,6800,7.74,249.83,19776,49407,29631,1060,1948,888,71975,94600,94700,94600,32,1,8,4880,473,14,18
110200,001630,94700,2,6800,7.74,250.66,19776,49571,29795,1060,1954,894,72139,94600,94700,94600,196,1,14,4808,475,14,182
110300,001630,94700,2,6800,7.74,251.09,19776,49656,29880,1060,1958,898,72224,94700,94700,94700,85,0,4,4760,509,0,85
110300,001630,94700,2,6800,7.74,250.69,19827,49704,29877,1063,1962,899,72323,94700,94700,94500,184,3,8,4614,452,51,133
110400,001630,94600,2,6700,7.62,249.81,19898,49708,29810,1081,1964,883,72398,94700,94700,94400,37,17,2,4532,395,33,4
110400,001630,94500,2,6600,7.51,249.9,19899,49727,29828,1082,1966,884,72418,94700,94700,94400,57,18,4,4414,416,34,23
110500,001630,94600,2,6700,7.62,249.86,19914,49758,29844,1083,1973,890,72464,94600,94600,94500,23,1,4,4498,529,15,8
110600,001630,94500,2,6600,7.51,249.2,19974,49775,29801,1085,1982,897,72541,94500,94500,94500,0,0,0,4958,488,0,0
110600,001630,94600,2,6700,7.62,249.45,19974,49825,29851,1085,1988,903,72591,94600,94600,94600,50,0,6,4987,426,0,50
110700,001630,94600,2,6700,7.62,249.87,19974,49909,29935,1085,1997,912,72675,94600,94600,94600,0,0,0,4900,453,0,0
110700,001630,94400,2,6500,7.39,248.96,20051,49918,29867,1102,1999,897,72761,94600,94600,94400,86,17,2,4950,373,77,9
110800,001630,94500,2,6600,7.51,248.3,20107,49926,29819,1103,2003,900,72825,94500,94500,94500,4,0,2,4583,416,0,4
110800,001630,94500,2,6600,7.51,248.37,20118,49967,29849,1105,2010,905,72877,94500,94500,94500,56,2,9,4600,416,11,45
110900,001630,94500,2,6600,7.51,248.4,20118,49974,29856,1105,2013,908,72884,94500,94500,94500,0,0,0,4647,416,0,0
110900,001630,94500,2,6600,7.51,248.59,20119,50014,29895,1106,2018,912,72925,94500,94500,94500,41,1,5,5101,370,1,40
111000,001630,94500,2,6600,7.51,248.74,20126,50061,29935,1107,2032,925,72979,94500,94500,94500,11,0,2,5008,425,0,11
111000,001630,94400,2,6500,7.39,249.8,20247,50577,30330,1125,2036,911,73616,94500,94600,94200,648,18,6,5088,416,121,527
111100,001630,94400,2,6500,7.39,249.61,20264,50580,30316,1127,2037,910,73636,94600,94600,94400,20,2,1,4999,443,17,3
111100,001630,94600,2,6700,7.62,249.69,20264,50597,30333,1127,2041,914,73653,94600,94600,94400,37,2,5,5148,556,17,20
111200,001630,94500,2,6600,7.51,250.26,20301,50805,30504,1130,2052,922,73898,94500,94500,94500,25,2,1,4805,555,23,2
111200,001630,94600,2,6700,7.62,250.79,20306,50925,30619,1131,2061,930,74023,94500,94600,94500,150,3,10,4742,596,28,122
111300,001630,94500,2,6600,7.51,250.77,20314,50941,30627,1135,2066,931,74047,94500,94500,94500,8,4,0,4723,589,8,0
111300,001630,94500,2,6600,7.51,250.57,20336,50956,30620,1149,2072,923,74084,94500,94600,94400,45,18,6,4853,571,30,15
111400,001630,94500,2,6600,7.51,250.5,20344,50961,30617,1150,2075,925,74097,94600,94600,94500,13,1,3,4467,581,8,5
111400,001630,94400,2,6500,7.39,250.27,20376,50995,30619,1151,2078,927,74163,94600,94600,94400,79,2,6,4392,536,40,39
111500,001630,94500,2,6600,7.51,250.4,20376,51021,30645,1151,2084,933,74189,94500,94500,94500,25,0,5,4530,529,0,25
111500,001630,94400,2,6500,7.39,250.67,20384,51096,30712,1153,2093,940,74272,94500,94500,94400,108,2,14,4359,532,8,100
111600,001630,94300,2,6400,7.28,249.68,20473,51118,30645,1171,2098,927,74383,94400,94400,94300,97,18,2,4367,512,89,8
111600,001630,94300,2,6400,7.28,249.68,20473,51118,30645,1171,2098,927,74383,94400,94400,94300,97,18,2,4367,512,89,8
111700,001630,94400,2,6500,7.39,249.91,20475,51169,30694,1172,2113,941,74436,94400,94400,94400,36,0,13,4356,456,0,36
111700,001630,94400,2,6500,7.39,249.94,20475,51175,30700,1172,2117,945,74442,94400,94400,94400,42,0,17,4353,456,0,42
111800,001630,94200,2,6300,7.17,249.59,20504,51176,30672,1174,2118,944,74472,94400,94400,94200,30,2,1,4579,456,29,1
111800,001630,94300,2,6400,7.28,250.08,20504,51277,30773,1174,2129,955,74573,94400,94400,94200,131,2,12,4316,626,29,102
111900,001630,94200,2,6300,7.17,249.51,20555,51287,30732,1193,2133,940,74634,94300,94400,94200,61,19,4,4344,664,51,10
111900,001630,94300,2,6400,7.28,249.18,20585,51293,30708,1195,2137,942,74670,94300,94400,94200,97,21,8,4414,635,81,16
112000,001630,94200,2,6300,7.17,247.7,20712,51304,30592,1198,2142,944,74808,94300,94300,94200,138,3,5,4402,702,127,11
112100,001630,94300,2,6400,7.28,248.01,20712,51367,30655,1198,2149,951,74871,94300,94300,94300,6,0,1,4374,595,0,6
112100,001630,94100,2,6200,7.05,247.25,20781,51381,30600,1204,2151,947,74954,94300,94300,94000,89,6,3,4372,678,69,20
112200,001630,94300,2,6400,7.28,247.38,20781,51409,30628,1204,2155,951,74982,94300,94300,94300,28,0,4,4501,569,0,28
112200,001630,93900,2,6000,6.83,246.38,20866,51410,30544,1228,2156,928,75068,94300,94300,93800,114,24,5,4485,664,85,29
112300,001630,94300,2,6400,7.28,246.47,20866,51429,30563,1228,2165,937,75087,94300,94300,94300,1,0,1,4474,679,0,1
112300,001630,94200,2,6300,7.17,246.52,20876,51463,30587,1230,2168,938,75131,94300,94300,94200,45,2,4,4408,719,10,35
112400,001630,94200,2,6300,7.17,246.54,20876,51467,30591,1230,2170,940,75135,94200,94200,94200,4,0,2,4422,719,0,4
112400,001630,94300,2,6400,7.28,246.73,20880,51517,30637,1231,2179,948,75189,94200,94300,94200,58,1,11,4445,598,4,54
112500,001630,94300,2,6400,7.28,246.82,20880,51537,30657,1231,2185,954,75209,94300,94300,94300,11,0,2,4436,608,0,11
112500,001630,94300,2,6400,7.28,247.33,20925,51754,30829,1250,2190,940,75471,94300,94400,94100,273,19,7,4234,618,45,228
112600,001630,94400,2,6500,7.39,247.17,20955,51794,30839,1252,2194,942,75541,94400,94400,94400,30,0,2,4466,600,0,30
112600,001630,94400,2,6500,7.39,247.65,20955,51896,30941,1252,2201,949,75643,94400,94400,94400,132,0,9,4213,560,0,132
112700,001630,94400,2,6500,7.39,247.73,20955,51911,30956,1252,2203,951,75658,94400,94400,94400,13,0,1,4305,591,0,13
112700,001630,94500,2,6600,7.51,247.7,20977,51961,30984,1254,2209,955,75730,94400,94500,94300,85,2,7,4335,472,22,63
112800,001630,94200,2,6300,7.17,247.82,20985,52005,31020,1259,2225,966,75782,94500,94500,94200,47,5,13,4314,565,8,39
112800,001630,94300,2,6400,7.28,247.54,21009,52006,30997,1272,2226,954,75807,94500,94500,94100,72,18,14,4262,641,32,40
112900,001630,94300,2,6400,7.28,247.7,21009,52040,31031,1272,2227,955,75841,94300,94300,94300,0,0,0,4303,539,0,0
112900,001630,94500,2,6600,7.51,247.91,21009,52084,31075,1272,2233,961,75885,94500,94500,94500,44,0,6,4296,527,0,44
113000,001630,94500,2,6600,7.51,248.08,21040,52197,31157,1273,2237,964,76029,94400,94500,94400,35,1,2,4191,501,31,4
113000,001630,94500,2,6600,7.51,248.41,21040,52265,31225,1273,2242,969,76097,94400,94500,94400,103,1,7,4123,553,31,72
113100,001630,94400,2,6500,7.39,250.71,21101,52903,31802,1294,2252,958,76796,94500,94600,94400,280,21,6,4008,531,61,219
113100,001630,94700,2,6800,7.74,250.93,21103,52954,31851,1295,2262,967,76849,94500,94700,94400,333,22,16,3993,414,63,270
113200,001630,94700,2,6800,7.74,251.07,21107,52993,31886,1298,2267,969,76892,94700,94700,94500,43,3,5,3961,472,4,39
113200,001630,94700,2,6800,7.74,251.07,21107,52993,31886,1298,2267,969,76892,94700,94700,94500,43,3,5,3961,472,4,39
113300,001630,94800,2,6900,7.85,251.58,21111,53110,31999,1300,2275,975,77013,94700,94800,94600,121,2,8,4274,419,4,117
113400,001630,94800,2,6900,7.85,251.63,21114,53130,32016,1302,2282,980,77036,94800,94800,94800,0,0,0,4284,431,0,0
113400,001630,94700,2,6800,7.74,251.41,21143,53156,32013,1318,2286,968,77091,94800,94800,94700,55,16,4,4241,439,29,26
113500,001630,94700,2,6800,7.74,251.33,21151,53158,32007,1319,2288,969,77101,94700,94700,94700,1,0,1,3908,498,0,1
113500,001630,94700,2,6800,7.74,251.41,21158,53194,32036,1320,2301,981,77144,94700,94700,94600,44,1,14,3859,522,7,37
113600,001630,94700,2,6800,7.74,251.61,21159,53238,32079,1321,2306,985,77189,94700,94700,94700,28,1,2,4237,464,1,27
113600,001630,94800,2,6900,7.85,251.77,21159,53271,32112,1321,2308,987,77222,94700,94800,94700,61,1,4,4236,496,1,60
113700,001630,94700,2,6800,7.74,251.49,21191,53293,32102,1322,2312,990,77276,94700,94700,94700,0,0,0,3964,500,0,0
113700,001630,94700,2,6800,7.74,251.16,21221,53299,32078,1339,2314,975,77312,94700,94700,94600,36,17,2,3986,487,30,6
113800,001630,94700,2,6800,7.74,251.89,21221,53454,32233,1339,2318,979,77467,94700,94700,94700,151,0,1,3979,487,0,151
113800,001630,94800,2,6900,7.85,252.48,21222,53581,32359,1340,2328,988,77595,94700,94800,94600,279,1,11,4293,512,1,278
113900,001630,94800,2,6900,7.85,252.42,21242,53620,32378,1342,2335,993,77654,94800,94800,94800,31,0,3,4152,464,0,31
113900,001630,94800,2,6900,7.85,252.54,21242,53645,32403,1342,2344,1002,77679,94800,94800,94800,56,0,12,4134,475,0,56
114000,001630,94600,2,6700,7.62,252.36,21258,53647,32389,1351,2346,995,77697,94800,94800,94600,18,9,2,4305,491,16,2
114000,001630,94600,2,6700,7.62,251.87,21301,53650,32349,1362,2348,986,77743,94800,94800,94500,64,20,4,4019,575,59,5
114100,001630,94800,2,6900,7.85,251.88,21301,53652,32351,1362,2349,987,77745,94800,94800,94800,2,0,1,4494,484,0,2
114100,001630,94800,2,6900,7.85,251.93,21301,53663,32362,1362,2356,994,77756,94800,94800,94800,13,0,8,4484,484,0,13
114200,001630,94800,2,6900,7.85,251.96,21301,53670,32369,1362,2359,997,77763,94800,94800,94800,7,0,3,4508,485,0,7
114200,001630,94800,2,6900,7.85,252.54,21319,53840,32521,1365,2369,1004,77951,94800,94800,94600,195,3,13,4388,507,18,177
114300,001630,94600,2,6700,7.62,252.17,21358,53858,32500,1383,2377,994,78008,94800,94800,94600,57,18,8,4028,508,39,18
114400,001630,94700,2,6800,7.74,252.27,21358,53879,32521,1383,2381,998,78029,94700,94700,94700,0,0,0,4020,519,0,0
114400,001630,94700,2,6800,7.74,252.32,21358,53890,32532,1383,2386,1003,78040,94700,94700,94700,11,0,5,4020,519,0,11
114500,001630,94700,2,6800,7.74,252.38,21358,53904,32546,1383,2391,1008,78054,94700,94700,94700,0,0,0,4015,519,0,0
114500,001630,94600,2,6700,7.62,252.54,21359,53941,32582,1384,2396,1012,78092,94700,94700,94600,38,1,5,4148,519,1,37
114600,001630,94600,2,6700,7.62,252.4,21381,53965,32584,1385,2401,1016,78138,94600,94600,94600,1,0,1,4635,546,0,1
114600,001630,94200,2,6300,7.17,251.25,21479,53965,32486,1406,2401,995,78236,94600,94600,94200,99,21,1,4695,523,98,1
114700,001630,94500,2,6600,7.51,251.4,21479,53999,32520,1406,2412,1006,78270,94500,94500,94500,0,0,0,4123,540,0,0
114700,001630,94500,2,6600,7.51,251.41,21486,54019,32533,1407,2417,1010,78297,94500,94500,94500,27,1,5,4075,517,7,20
114800,001630,94500,2,6600,7.51,251.41,21488,54024,32536,1408,2419,1011,78304,94500,94500,94500,0,0,0,4443,477,0,0
114800,001630,94600,2,6700,7.62,251.46,21488,54033,32545,1408,2424,1016,78313,94600,94600,94600,9,0,5,4464,479,0,9
114900,001630,94500,2,6600,7.51,251.47,21489,54039,32550,1409,2427,1018,78320,94600,94600,94500,5,1,2,4614,481,1,4
114900,001630,94600,2,6700,7.62,251.61,21532,54177,32645,1426,2434,1008,78501,94600,94600,94200,186,18,9,4504,527,44,142
115000,001630,94600,2,6700,7.62,251.31,21563,54189,32626,1427,2439,1012,78544,94600,94600,94500,41,1,3,4598,522,31,10
115000,001630,94600,2,6700,7.62,251.69,21580,54314,32734,1428,2450,1022,78686,94600,94600,94500,183,2,14,4480,533,48,135
115100,001630,94600,2,6700,7.62,254.68,21580,54961,33381,1428,2453,1025,79333,94600,94600,94600,644,0,2,4661,533,0,644
115100,001630,94700,2,6800,7.74,254.87,21580,55001,33421,1428,2457,1029,79373,94600,94700,94600,684,0,6,4223,388,0,684
115200,001630,94600,2,6700,7.62,254.81,21588,55008,33420,1432,2461,1029,79388,94700,94700,94600,12,4,3,4376,381,8,4
115200,001630,94600,2,6700,7.62,254.56,21611,55012,33401,1445,2463,1018,79415,94700,94700,94400,39,17,5,4320,496,31,8
115300,001630,94500,2,6600,7.51,254.52,21623,55035,33412,1446,2465,1019,79450,94500,94500,94500,0,0,0,4429,496,0,0
115300,001630,94600,2,6700,7.62,254.49,21631,55048,33417,1447,2471,1024,79471,94500,94600,94500,21,1,6,4450,478,8,13
115400,001630,94600,2,6700,7.62,254.78,21631,55112,33481,1447,2480,1033,79535,94500,94600,94500,25,0,6,4653,491,0,25
115400,001630,94600,2,6700,7.62,254.92,21631,55141,33510,1447,2485,1038,79564,94500,94600,94500,54,0,11,4614,493,0,54
115500,001630,94300,2,6400,7.28,254.63,21658,55148,33490,1462,2489,1027,79598,94600,94600,94300,29,15,2,4253,564,27,2
115500,001630,94600,2,6700,7.62,254.73,21658,55169,33511,1462,2495,1033,79619,94600,94600,94300,50,15,8,4597,536,27,23
115600,001630,94700,2,6800,7.74,254.91,21658,55208,33550,1462,2501,1039,79658,94600,94700,94600,39,0,6,4730,393,0,39
115600,001630,94700,2,6800,7.74,254.93,21658,55212,33554,1462,2503,1041,79662,94600,94700,94600,43,0,8,4737,398,0,43
115700,001630,94600,2,6700,7.62,254.71,21678,55217,33539,1464,2507,1043,79687,94700,94700,94600,25,2,4,4610,393,20,5
115800,001630,94600,2,6700,7.62,254.94,21679,55268,33589,1465,2518,1053,79739,94600,94600,94600,0,0,0,4546,505,0,0
115800,001630,94300,2,6400,7.28,254.8,21707,55309,33602,1483,2523,1040,79808,94600,94700,94300,69,18,5,4509,482,28,41
115900,001630,94700,2,6800,7.74,254.9,21707,55331,33624,1483,2528,1045,79830,94700,94700,94700,0,0,0,4673,389,0,0
115900,001630,94500,2,6600,7.51,254.97,21720,55380,33660,1485,2535,1050,79892,94700,94700,94500,62,2,7,4531,528,13,49
120000,001630,94600,2,6700,7.62,255.12,21720,55411,33691,1485,2545,1060,79923,94600,94600,94600,3,0,1,4676,565,0,3
120000,001630,94500,2,6600,7.51,255.1,21751,55486,33735,1486,2550,1064,80029,94600,94600,94500,109,1,6,4393,517,31,78
120100,001630,94500,2,6600,7.51,255.04,21759,55494,33735,1487,2552,1065,80045,94500,94500,94500,7,0,1,4439,523,0,7
120100,001630,94400,2,6500,7.39,254.77,21789,55511,33722,1506,2560,1054,80092,94500,94500,94200,54,19,9,4629,519,30,24
120200,001630,94500,2,6600,7.51,254.94,21789,55548,33759,1506,2567,1061,80129,94500,94500,94500,2,0,1,4579,585,0,2
120200,001630,94500,2,6600,7.51,254.96,21801,55584,33783,1508,2571,1063,80177,94500,94500,94400,50,2,5,4615,662,12,38
120300,001630,94400,2,6500,7.39,255.07,21802,55610,33808,1509,2576,1067,80204,94500,94500,94400,21,1,3,4888,644,1,20
120300,001630,94500,2,6600,7.51,255.09,21802,55615,33813,1509,2578,1069,80209,94500,94500,94400,26,1,5,4903,643,1,25
120400,001630,94300,2,6400,7.28,254.74,21839,55633,33794,1529,2581,1052,80264,94400,94500,94300,54,20,2,4906,606,37,17
120400,001630,94300,2,6400,7.28,254.52,21882,55694,33812,1534,2583,1049,80368,94400,94500,94200,158,25,4,4672,510,80,78
120500,001630,94300,2,6400,7.28,254.34,21909,55724,33815,1539,2593,1054,80425,94300,94300,94300,55,4,10,4820,521,25,30
120600,001630,94300,2,6400,7.28,254.41,21910,55741,33831,1540,2602,1062,80443,94300,94300,94300,0,0,0,4627,498,0,0
120600,001630,94300,2,6400,7.28,254.49,21911,55762,33851,1541,2605,1064,80465,94300,94300,94300,22,1,3,4781,465,1,21
120700,001630,94300,2,6400,7.28,254.79,21913,55833,33920,1542,2610,1068,80538,94300,94300,94300,8,0,2,4705,520,0,8
120700,001630,94100,2,6200,7.05,253.51,22025,55835,33810,1565,2612,1047,80652,94300,94300,94000,122,23,4,4571,521,112,10
120800,001630,94000,2,6100,6.94,250.55,22300,55872,33572,1570,2617,1047,80968,94000,94000,94000,1,0,1,3414,632,0,1
120800,001630,94000,2,6100,6.94,250.54,22302,55876,33574,1571,2620,1049,80974,94000,94000,93800,7,1,4,3477,478,2,5
120900,001630,93900,2,6000,6.83,250.66,22341,56001,33660,1574,2632,1058,81138,94000,94000,93900,124,2,5,4470,540,33,91
120900,001630,94000,2,6100,6.94,250.74,22342,56021,33679,1575,2636,1061,81159,94000,94000,93800,145,3,9,3467,513,34,111
121000,001630,93600,2,5700,6.48,250.1,22399,56021,33622,1595,2636,1041,81216,94000,94000,93600,57,20,0,2493,670,57,0
121100,001630,94100,2,6200,7.05,250.21,22402,56052,33650,1596,2644,1048,81250,94100,94100,94100,2,0,1,4662,654,0,2
121100,001630,94200,2,6300,7.17,250.28,22402,56067,33665,1596,2646,1050,81265,94100,94200,94100,17,0,3,4738,416,0,17
121200,001630,94200,2,6300,7.17,250.11,22422,56079,33657,1597,2651,1054,81297,94200,94200,94200,10,0,3,4763,397,0,10
121200,001630,94300,2,6400,7.28,250.21,22422,56103,33681,1597,2655,1058,81321,94200,94300,94200,34,0,7,4952,239,0,34
121300,001630,94000,2,6100,6.94,249.97,22452,56124,33672,1604,2663,1059,81372,94100,94100,94000,8,5,0,4963,558,8,0
121300,001630,94200,2,6300,7.17,249.76,22473,56128,33655,1616,2666,1050,81397,94100,94200,94000,33,17,3,4768,659,29,4
121400,001630,94200,2,6300,7.17,249.75,22481,56146,33665,1618,2672,1054,81423,94200,94200,94200,18,1,3,4726,703,6,12
121400,001630,94100,2,6200,7.05,249.6,22497,56153,33656,1619,2676,1057,81446,94200,94200,94100,41,2,7,4663,735,22,19
121500,001630,93700,2,5800,6.6,250.49,22499,56357,33858,1620,2681,1061,81652,94100,94100,93700,206,1,5,4697,643,2,204
121500,001630,94000,2,6100,6.94,250.39,22508,56357,33849,1622,2681,1059,81661,94100,94100,93700,215,3,5,4748,347,11,204
121600,001630,94000,2,6100,6.94,249.77,22572,56379,33807,1635,2687,1052,81747,94200,94200,93800,85,13,5,3579,540,64,21
121600,001630,94100,2,6200,7.05,249.79,22579,56399,33820,1639,2691,1052,81774,94200,94200,93800,112,17,9,4707,356,71,41
121700,001630,94000,2,6100,6.94,249.73,22588,56410,33822,1640,2692,1052,81794,94000,94000,94000,0,0,0,3629,497,0,0
121700,001630,94100,2,6200,7.05,249.81,22588,56426,33838,1640,2698,1058,81810,94100,94100,94100,16,0,6,4686,348,0,16
121800,001630,94100,2,6200,7.05,249.86,22588,56439,33851,1640,2704,1064,81823,94100,94100,94100,12,0,5,4667,348,0,12
121800,001630,94000,2,6100,6.94,249.85,22599,56464,33865,1642,2707,1065,81859,94100,94100,94000,48,2,8,4640,353,11,37
121900,001630,93800,2,5900,6.71,249.54,22627,56464,33837,1660,2707,1047,81887,94000,94000,93800,28,18,0,4655,554,28,0
121900,001630,94200,2,6300,7.17,249.74,22627,56509,33882,1660,2711,1051,81932,94000,94200,93800,73,18,4,4710,216,28,45
122000,001630,94200,2,6300,7.17,249.88,22634,56558,33924,1662,2721,1059,81988,94300,94300,94200,56,2,10,6823,227,7,49
122100,001630,94000,2,6100,6.94,249.84,22641,56566,33925,1664,2725,1061,82003,94000,94000,94000,0,0,0,3586,543,0,0
122100,001630,94100,2,6200,7.05,249.92,22641,56584,33943,1664,2732,1068,82021,94000,94100,94000,18,0,7,6657,450,0,18
122200,001630,93900,2,6000,6.83,249.85,22651,56593,33942,1666,2737,1071,82040,94000,94000,93900,10,2,0,6645,594,10,0
122200,001630,93800,2,5900,6.71,249.54,22679,56593,33914,1683,2737,1054,82068,94000,94000,93800,38,19,0,4645,692,38,0
122300,001630,94100,2,6200,7.05,249.61,22679,56610,33931,1683,2741,1058,82085,94100,94100,94100,6,0,1,4621,470,0,6
122300,001630,94100,2,6200,7.05,249.74,22680,56642,33962,1684,2746,1062,82118,94100,94100,94000,39,1,6,4593,513,1,38
122400,001630,94200,2,6300,7.17,249.89,22682,56680,33998,1686,2754,1068,82158,94200,94200,94200,0,0,0,4627,373,0,0
122400,001630,94400,2,6500,7.39,249.96,22703,56748,34045,1688,2759,1071,82247,94200,94400,94200,89,2,5,5043,470,21,68
122500,001630,94300,2,6400,7.28,248.45,22847,56763,33916,1690,2762,1072,82406,94300,94300,94200,28,1,2,4944,370,15,13
122500,001630,94300,2,6400,7.28,248.21,22876,56781,33905,1708,2765,1057,82453,94300,94300,94000,75,19,5,4967,349,44,31
122600,001630,94300,2,6400,7.28,248.15,22893,56809,33916,1711,2771,1060,82498,94300,94300,94300,24,0,5,4961,358,0,24
122600,001630,94300,2,6400,7.28,248.33,22894,56853,33959,1712,2777,1065,82543,94300,94300,94200,69,1,11,4920,379,1,68
122700,001630,94200,2,6300,7.17,248.59,22895,56915,34020,1713,2787,1074,82606,94300,94300,94200,30,1,2,4818,369,1,29
122700,001630,94000,2,6100,6.94,248.14,22954,56958,34004,1716,2797,1081,82708,94300,94400,94000,132,4,12,5053,386,60,72
122800,001630,93800,2,5900,6.71,247.9,22978,56962,33984,1732,2799,1067,82737,94200,94200,93800,25,16,0,4574,706,24,0
122800,001630,94100,2,6200,7.05,248.0,22978,56986,34008,1732,2803,1071,82761,94200,94200,93800,49,16,4,4564,551,24,24
122900,001630,94300,2,6400,7.28,248.05,22981,57005,34024,1733,2808,1075,82783,94200,94300,94200,22,1,5,4808,357,3,19
122900,001630,94300,2,6400,7.28,248.12,22982,57024,34042,1734,2814,1080,82803,94200,94300,94200,42,2,11,4831,356,4,38
123000,001630,94400,2,6500,7.39,248.29,22982,57062,34080,1734,2820,1086,82841,94300,94400,94300,37,0,5,4980,312,0,37
123000,001630,94400,2,6500,7.39,248.81,22982,57182,34200,1734,2824,1090,82961,94300,94400,94300,157,0,9,4980,324,0,157
123100,001630,94300,2,6400,7.28,248.46,23025,57207,34182,1753,2834,1081,83029,94400,94400,94100,68,19,10,4842,313,43,25
123200,001630,94400,2,6500,7.39,248.49,23025,57214,34189,1753,2836,1083,83039,94400,94400,94400,5,0,1,5136,323,0,5
123200,001630,94100,2,6200,7.05,248.19,23059,57229,34170,1757,2840,1083,83088,94400,94400,94100,54,4,5,4825,654,34,20
123300,001630,94100,2,6200,7.05,248.35,23059,57268,34209,1757,2846,1089,83127,94100,94100,94100,32,0,1,4906,663,0,32
123300,001630,94400,2,6500,7.39,249.35,23061,57502,34441,1758,2852,1094,83363,94100,94400,94100,268,1,7,5181,445,2,266
123400,001630,94400,2,6500,7.39,249.6,23061,57560,34499,1758,2858,1100,83421,94400,94400,94400,13,0,1,5163,446,0,13
123400,001630,94300,2,6400,7.28,249.62,23087,57630,34543,1774,2864,1090,83517,94400,94400,94000,109,16,7,4911,373,26,83
123500,001630,94300,2,6400,7.28,249.73,23087,57655,34568,1774,2874,1100,83542,94300,94300,94300,2,0,1,4892,380,0,2
123500,001630,94300,2,6400,7.28,249.78,23087,57667,34580,1774,2876,1102,83554,94300,94300,94300,14,0,3,4895,380,0,14
123600,001630,94200,2,6300,7.17,249.71,23097,57676,34579,1775,2881,1106,83573,94300,94300,94200,18,1,4,4900,553,10,8
123600,001630,94300,2,6400,7.28,249.7,23102,57685,34583,1777,2885,1108,83587,94300,94300,94200,32,3,8,5276,555,15,17
123700,001630,94100,2,6200,7.05,249.5,23129,57708,34579,1792,2889,1097,83637,94300,94300,94100,50,15,4,5284,534,27,23
123700,001630,94400,2,6500,7.39,250.54,23146,57989,34843,1794,2897,1103,83935,94300,94400,94100,348,17,12,5282,431,44,304
123800,001630,94400,2,6500,7.39,250.41,23164,58004,34840,1796,2900,1104,83968,94400,94400,94300,33,2,3,5296,384,18,15
123800,001630,94400,2,6500,7.39,250.55,23164,58038,34874,1796,2911,1115,84002,94400,94400,94300,67,2,14,5241,386,18,49
123900,001630,94400,2,6500,7.39,250.56,23164,58039,34875,1796,2912,1116,84003,94400,94400,94400,1,0,1,5249,386,0,1
124000,001630,94400,2,6500,7.39,250.71,23194,58150,34956,1798,2920,1122,84144,94400,94400,94400,0,0,0,4795,409,0,0
124000,001630,94000,2,6100,6.94,250.44,23221,58154,34933,1815,2922,1107,84175,94400,94400,94000,31,17,2,5114,684,27,4
124100,001630,94300,2,6400,7.28,250.47,23222,58165,34943,1816,2924,1108,84187,94300,94300,94300,0,0,0,5090,412,0,0
124100,001630,94400,2,6500,7.39,250.63,23222,58202,34980,1816,2932,1116,84224,94400,94400,94400,37,0,8,5314,448,0,37
124200,001630,94400,2,6500,7.39,250.78,23223,58239,35016,1817,2938,1121,84262,94400,94400,94400,2,0,2,5312,441,0,2
124200,001630,94300,2,6400,7.28,250.57,23280,58332,35052,1819,2951,1132,84412,94400,94400,94300,152,2,15,5294,385,57,95
124300,001630,94000,2,6100,6.94,250.34,23306,58345,35039,1835,2956,1121,84451,94300,94300,94000,32,16,2,5068,691,26,6
124300,001630,94100,2,6200,7.05,250.3,23310,58345,35035,1837,2956,1119,84455,94300,94300,94000,36,18,2,4886,517,30,6
124400,001630,94200,2,6300,7.17,250.19,23329,58367,35038,1838,2961,1123,84496,94200,94300,94200,38,1,4,4902,509,19,19
124500,001630,94200,2,6300,7.17,250.32,23331,58402,35071,1840,2968,1128,84533,94200,94200,94200,1,0,1,4862,687,0,1
124500,001630,94200,2,6300,7.17,250.38,23331,58416,35085,1840,2972,1132,84547,94200,94200,94200,15,0,5,4851,522,0,15
124600,001630,94300,2,6400,7.28,250.37,23351,58464,35113,1851,2979,1128,84615,94300,94400,94300,55,11,3,5488,402,20,35
124600,001630,94200,2,6300,7.17,250.28,23359,58464,35105,1856,2979,1123,84623,94300,94400,94200,63,16,3,5500,381,28,35
124700,001630,94400,2,6500,7.39,250.35,23359,58479,35120,1856,2981,1125,84638,94400,94400,94400,2,0,1,5665,385,0,2
124700,001630,94300,2,6400,7.28,250.51,23360,58518,35158,1857,2990,1133,84678,94400,94400,94300,42,1,10,5339,398,1,41
124800,001630,94400,2,6500,7.39,250.58,23364,58545,35181,1858,2997,1139,84709,94400,94400,94400,27,0,7,5617,357,0,27
124900,001630,94100,2,6200,7.05,250.41,23385,58559,35174,1869,3000,1131,84744,94300,94300,94100,19,10,0,5603,503,19,0
124900,001630,94300,2,6400,7.28,250.38,23397,58582,35185,1878,3007,1129,84779,94300,94400,94100,54,19,7,5568,415,31,23
125000,001630,94400,2,6500,7.39,250.21,23414,58585,35171,1879,3009,1130,84799,94400,94400,94400,0,0,0,5565,431,0,0
125000,001630,94400,2,6500,7.39,250.88,23414,58740,35326,1879,3021,1142,84954,94400,94400,94400,155,0,12,5462,435,0,155
125100,001630,94400,2,6500,7.39,250.79,23431,58763,35332,1880,3026,1146,84994,94400,94400,94300,40,1,5,5539,436,17,23
125200,001630,94200,2,6300,7.17,250.82,23444,58803,35359,1882,3031,1149,85047,94200,94200,94200,0,0,0,5495,422,0,0
125200,001630,94200,2,6300,7.17,250.64,23464,58811,35347,1895,3034,1139,85075,94300,94400,94100,28,13,3,5212,590,20,8
125300,001630,94300,2,6400,7.28,250.73,23468,58842,35374,1898,3047,1149,85110,94400,94400,94300,34,2,13,5177,496,3,31
125400,001630,94300,2,6400,7.28,250.43,23500,58850,35350,1901,3052,1151,85150,94300,94300,94300,0,0,0,5488,459,0,0
125400,001630,94500,2,6600,7.51,250.78,23500,58933,35433,1901,3061,1160,85233,94400,94500,94400,83,0,9,5599,402,0,83
125500,001630,94500,2,6600,7.51,251.85,23527,59252,35725,1910,3069,1159,85579,94600,94600,94500,64,8,5,5651,362,24,40
125500,001630,94600,2,6700,7.62,251.44,23569,59261,35692,1921,3072,1151,85701,94600,94600,94100,186,19,8,5635,370,66,49
125600,001630,94600,2,6700,7.62,251.44,23569,59262,35693,1921,3073,1152,85715,94500,94600,94500,14,0,1,5629,360,0,1
125700,001630,94600,2,6700,7.62,251.65,23569,59312,35743,1921,3083,1162,85765,94600,94600,94600,2,0,1,5601,370,0,2
125700,001630,94500,2,6600,7.51,251.56,23592,59348,35756,1924,3094,1170,85824,94600,94600,94400,61,3,12,5321,347,23,38
125800,001630,94400,2,6500,7.39,251.55,23624,59425,35801,1935,3100,1165,85933,94600,94600,94400,34,10,3,6606,333,29,5
125800,001630,94500,2,6600,7.51,251.44,23640,59440,35800,1944,3104,1160,85964,94600,94600,94400,65,19,7,6614,273,45,20
125900,001630,94300,2,6400,7.28,251.26,23676,59488,35812,1948,3109,1161,86048,94600,94600,94300,60,3,2,5578,322,21,39
125900,001630,94500,2,6600,7.51,251.39,23676,59519,35843,1948,3115,1167,86079,94600,94600,94300,91,3,8,5827,381,21,70
130000,001630,94400,2,6500,7.39,251.39,23677,59521,35844,1949,3117,1168,86082,94500,94500,94400,3,1,2,5877,397,1,2
130100,001630,94500,2,6600,7.51,251.73,23693,59643,35950,1950,3128,1178,86223,94500,94500,94500,101,0,2,5942,445,0,101
130100,001630,94300,2,6400,7.28,251.37,23739,59672,35933,1966,3132,1166,86301,94500,94500,94300,179,16,6,5849,376,46,130
130200,001630,94500,2,6600,7.51,251.38,23743,59686,35943,1968,3135,1167,86319,94500,94500,94500,12,0,1,5917,361,0,12
130200,001630,94500,2,6600,7.51,251.46,23743,59705,35962,1968,3138,1170,86338,94500,94500,94500,31,0,4,5867,363,0,31
130300,001630,94400,2,6500,7.39,251.49,23751,59732,35981,1970,3143,1173,86373,94300,94400,94300,17,1,2,5765,350,3,14
130300,001630,94400,2,6500,7.39,251.64,23751,59767,36016,1970,3147,1177,86408,94300,94400,94300,52,1,6,5819,350,3,49
130400,001630,94200,2,6300,7.17,251.86,23778,59888,36110,1981,3154,1173,86556,94400,94400,94200,132,10,5,5914,327,17,115
130400,001630,94400,2,6500,7.39,251.92,23788,59927,36139,1988,3165,1177,86605,94400,94400,94100,181,17,16,6032,251,27,154
130500,001630,94400,2,6500,7.39,251.94,23789,59933,36144,1989,3167,1178,86612,94300,94400,94300,7,1,2,6010,308,1,6
130500,001630,94300,2,6400,7.28,251.99,23799,59970,36171,1990,3170,1180,86659,94300,94400,94300,54,2,5,5973,285,11,43
130600,001630,94400,2,6500,7.39,252.35,23799,60057,36258,1990,3178,1188,86746,94400,94400,94400,60,0,4,5888,297,0,60
130600,001630,94400,2,6500,7.39,252.17,23819,60065,36246,1991,3180,1189,86774,94400,94400,94300,88,1,6,5887,277,20,68
130700,001630,94400,2,6500,7.39,251.93,23844,60071,36227,2007,3184,1177,86805,94400,94400,94100,27,16,2,5894,472,25,2
130700,001630,94400,2,6500,7.39,251.93,23857,60103,36246,2010,3188,1178,86850,94400,94400,94100,72,19,6,5917,329,38,34
130800,001630,94300,2,6400,7.28,252.22,23870,60204,36334,2012,3202,1190,86964,94400,94400,94300,109,2,13,5782,344,13,96
130900,001630,94500,2,6600,7.51,252.56,23870,60286,36416,2012,3210,1198,87046,94500,94500,94500,12,0,2,6010,335,0,12
130900,001630,94500,2,6600,7.51,252.58,23870,60291,36421,2012,3212,1200,87051,94500,94500,94500,17,0,4,6007,317,0,17
131000,001630,94500,2,6600,7.51,252.95,23870,60379,36509,2012,3222,1210,87139,94500,94500,94500,1,0,1,5939,319,0,1
131000,001630,94400,2,6500,7.39,252.5,23915,60386,36471,2030,3223,1193,87191,94500,94500,94300,53,18,2,5753,262,45,8
131100,001630,94400,2,6500,7.39,252.53,23915,60393,36478,2030,3226,1196,87198,94400,94400,94400,0,0,0,5750,264,0,0
131100,001630,94400,2,6500,7.39,252.62,23915,60413,36498,2030,3230,1200,87218,94400,94400,94400,20,0,4,5744,266,0,20
131200,001630,94400,2,6500,7.39,252.64,23923,60440,36517,2033,3240,1207,87253,94400,94400,94400,11,1,2,5927,255,2,9
131200,001630,94500,2,6600,7.51,252.8,23923,60477,36554,2033,3244,1211,87290,94400,94500,94400,48,1,6,5874,331,2,46
131300,001630,94500,2,6600,7.51,254.12,23935,60824,36889,2035,3249,1214,87649,94600,94600,94500,8,1,2,5974,291,4,4
131300,001630,94600,2,6700,7.62,253.83,23964,60827,36863,2051,3250,1199,87681,94600,94600,94400,40,17,3,6113,333,33,7
131400,001630,94500,2,6600,7.51,253.86,23965,60838,36873,2052,3255,1203,87693,94600,94600,94500,8,1,2,6113,290,1,7
131400,001630,94400,2,6500,7.39,253.77,23974,60840,36866,2055,3257,1202,87704,94600,94600,94300,19,4,4,5795,302,10,9
131500,001630,94400,2,6500,7.39,253.86,23988,60896,36908,2059,3262,1203,87774,94500,94500,94400,41,3,1,5795,304,13,28
131500,001630,94600,2,6700,7.62,253.77,24004,60914,36910,2062,3269,1207,87808,94500,94600,94300,75,6,8,6141,371,29,46
131600,001630,94300,2,6400,7.28,253.74,24010,60924,36914,2067,3272,1205,87824,94500,94500,94200,16,5,3,5589,373,6,10
131600,001630,94400,2,6500,7.39,253.61,24035,60956,36921,2078,3274,1196,87881,94500,94500,94100,73,16,5,6076,308,31,42
131700,001630,94500,2,6600,7.51,253.7,24035,60976,36941,2078,3280,1202,87901,94500,94500,94500,5,0,3,6037,425,0,5
131700,001630,94500,2,6600,7.51,253.74,24035,60986,36951,2078,3283,1205,87911,94500,94500,94500,15,0,6,6033,442,0,15
131800,001630,94500,2,6600,7.51,252.45,24164,61003,36839,2082,3286,1204,88058,94400,94500,94400,146,4,2,6062,327,129,16
131800,001630,94500,2,6600,7.51,252.46,24164,61005,36841,2082,3288,1206,88060,94400,94500,94400,148,4,4,6068,327,129,18
131900,001630,94500,2,6600,7.51,252.18,24201,61030,36829,2100,3299,1199,88122,94500,94500,94100,60,18,9,6067,401,37,23
131900,001630,94400,2,6500,7.39,252.17,24203,61032,36829,2101,3300,1199,88126,94500,94500,94100,64,19,10,5906,355,39,25
132000,001630,94400,2,6500,7.39,252.31,24203,61066,36863,2101,3308,1207,88160,94400,94400,94400,34,0,8,5879,305,0,34
132000,001630,94300,2,6400,7.28,252.14,24222,61073,36851,2103,3313,1210,88186,94400,94400,94200,60,2,13,5616,385,19,41
132100,001630,94300,2,6400,7.28,252.31,24223,61117,36894,2104,3321,1217,88231,94300,94300,94200,37,1,7,5595,408,1,36
132100,001630,94300,2,6400,7.28,252.2,24244,61143,36899,2106,3326,1220,88278,94300,94300,94200,84,3,12,5609,393,22,62
132200,001630,94400,2,6500,7.39,252.33,24271,61244,36973,2123,3329,1206,88406,94300,94400,94200,128,17,3,6082,317,27,101
132300,001630,94300,2,6400,7.28,252.24,24281,61246,36965,2124,3331,1207,88418,94300,94300,94300,0,0,0,5622,343,0,0
132300,001630,94300,2,6400,7.28,252.29,24283,61263,36980,2125,3339,1214,88437,94300,94400,94300,19,1,8,5930,295,2,17
132400,001630,94500,2,6600,7.51,252.3,24283,61267,36984,2125,3342,1217,88441,94500,94500,94500,0,0,0,6091,330,0,0
132400,001630,94500,2,6600,7.51,252.57,24285,61337,37052,2127,3346,1219,88513,94500,94500,94400,72,2,4,6065,360,2,70
132500,001630,94500,2,6600,7.51,252.59,24295,61366,37071,2128,3352,1224,88552,94500,94500,94500,26,0,4,6051,359,0,26
132500,001630,94500,2,6600,7.51,252.9,24321,61509,37188,2144,3357,1213,88721,94500,94500,94300,195,16,9,5902,332,26,169
132600,001630,94400,2,6500,7.39,252.87,24329,61520,37191,2145,3364,1219,88740,94400,94400,94400,0,0,0,5706,329,0,0
132600,001630,94400,2,6500,7.39,252.91,24329,61530,37201,2145,3368,1223,88750,94400,94400,94400,10,0,4,5716,322,0,10
132700,001630,94400,2,6500,7.39,252.98,24330,61550,37220,2146,3377,1231,88771,94400,94400,94400,1,0,1,5698,321,0,1
132700,001630,94500,2,6600,7.51,253.1,24330,61579,37249,2146,3386,1240,88800,94400,94500,94400,30,0,10,5868,352,0,30
132800,001630,94400,2,6500,7.39,252.76,24364,61583,37219,2163,3388,1225,88838,94400,94500,94300,32,16,1,5887,310,29,3
132900,001630,94500,2,6600,7.51,252.89,24364,61615,37251,2163,3394,1231,88870,94500,94500,94500,2,0,2,5877,309,0,2
132900,001630,94400,2,6500,7.39,252.77,24380,61625,37245,2164,3397,1233,88896,94500,94500,94400,28,1,5,5660,308,16,12
133000,001630,94500,2,6600,7.51,252.86,24381,61651,37270,2165,3402,1237,88923,94500,94500,94500,7,0,2,5828,333,0,7
133000,001630,94600,2,6700,7.62,253.22,24381,61738,37357,2165,3416,1251,89010,94500,94600,94500,94,0,16,6037,301,0,94
133100,001630,94600,2,6700,7.62,253.34,24381,61766,37385,2165,3423,1258,89038,94600,94600,94600,11,0,4,6015,301,0,11
133100,001630,94400,2,6500,7.39,253.1,24405,61769,37364,2180,3424,1244,89065,94600,94600,94400,38,15,5,6102,315,24,14
