090200,500032,4855,2,275,6.0,0.0,5661,0,-5661,15,0,-15,27653,4855,4855,4855,2730,3,0,270327,252399,2730,0
090300,500032,4845,2,265,5.79,4.44,25477,1131,-24346,37,5,-32,48600,4855,4855,4845,2200,2,4,290112,233599,1070,1130
090400,500032,4845,2,265,5.79,8.88,28713,2549,-26164,53,9,-44,53254,4845,4850,4845,516,3,2,287670,261177,97,419
090500,500032,4845,2,265,5.79,9.55,34980,3339,-31641,66,10,-56,60311,4845,4845,4845,295,5,0,293129,255123,295,0
090600,500032,4845,2,265,5.79,9.21,36247,3339,-32908,74,10,-64,61578,4845,4845,4845,11,2,0,293594,253863,11,0
090700,500032,4845,2,265,5.79,15.04,37911,5703,-32208,84,15,-69,65606,4845,4850,4845,412,4,1,293289,254102,411,1
090800,500032,4840,2,260,5.68,16.63,42931,7138,-35793,90,19,-71,72061,4840,4840,4835,4699,2,2,297883,250077,3374,1325
090900,500032,4840,2,260,5.68,17.32,43554,7543,-36011,96,20,-76,73089,4835,4840,4835,908,3,1,300286,249656,503,405
091100,500032,4840,2,260,5.68,28.18,43974,12392,-31582,102,22,-80,78358,4840,4840,4840,0,0,0,296717,246794,0,0
091200,500032,4840,2,260,5.68,28.22,44039,12426,-31613,104,26,-78,78457,4840,4840,4840,5,1,0,296953,248584,5,0
091300,500032,4840,2,260,5.68,29.99,44649,13392,-31257,108,29,-79,80033,4840,4840,4840,0,0,0,293880,249742,0,0
091400,500032,4840,2,260,5.68,28.46,47053,13392,-33661,114,29,-85,82437,4840,4840,4840,1354,4,0,293540,247437,1354,0
091500,500032,4835,2,255,5.57,30.03,48535,14575,-33960,123,33,-90,85102,4835,4835,4830,1637,5,3,295125,247131,611,1026
091600,500032,4835,2,255,5.57,29.93,48787,14601,-34186,125,35,-90,85380,4830,4835,4830,278,2,2,302218,248018,252,26
091700,500032,4835,2,255,5.57,29.88,49210,14703,-34507,130,37,-93,85905,4830,4835,4830,348,3,1,302464,247936,346,2
091800,500032,4835,2,255,5.57,27.91,52686,14704,-37982,131,38,-93,89382,4835,4835,4835,0,0,0,302462,244480,0,0
091900,500032,4830,2,250,5.46,27.89,52724,14704,-38020,134,38,-96,89420,4830,4830,4830,38,3,0,297717,244746,38,0
092000,500032,4830,2,250,5.46,23.63,62231,14704,-47527,140,38,-102,98927,4830,4830,4830,1251,3,0,305810,235856,1251,0
092100,500032,4830,2,250,5.46,23.33,63020,14704,-48316,142,38,-104,99716,4830,4830,4830,766,1,0,305787,235292,766,0
092300,500032,4830,2,250,5.46,21.54,68270,14704,-53566,146,38,-108,104966,4830,4830,4830,0,0,0,302908,262783,0,0
092400,500032,4830,2,250,5.46,21.35,69805,14904,-54901,150,39,-111,106701,4830,4830,4830,0,0,0,301528,262047,0,0
092500,500032,4830,2,250,5.46,21.98,71439,15704,-55735,152,40,-112,109135,4830,4830,4830,0,0,0,298595,260308,0,0
092600,500032,4830,2,250,5.46,21.83,71939,15704,-56235,153,40,-113,109635,4830,4830,4830,0,0,0,298620,259908,0,0
092700,500032,4830,2,250,5.46,21.83,71939,15704,-56235,153,40,-113,109635,4830,4830,4830,0,0,0,299020,259411,0,0
092800,500032,4830,2,250,5.46,21.96,72502,15924,-56578,157,41,-116,110418,4830,4830,4830,562,3,0,298876,259095,562,0
092900,500032,4830,2,250,5.46,15.44,103170,15930,-87240,160,42,-118,141092,4830,4830,4830,30069,2,0,298870,263654,30069,0
093000,500032,4835,2,255,5.57,23.5,104174,24480,-79694,162,44,-118,150646,4835,4835,4830,9554,2,2,298122,262711,1004,8550
093100,500032,4835,2,255,5.57,23.48,104275,24480,-79795,163,44,-119,150747,4835,4835,4835,0,0,0,289818,252653,0,0
093200,500032,4835,2,255,5.57,23.48,104275,24480,-79795,163,44,-119,150747,4835,4835,4835,0,0,0,291575,254383,0,0
093300,500032,4830,2,250,5.46,23.25,105275,24480,-80795,164,44,-120,151747,4830,4830,4830,0,0,0,293716,254383,0,0
093400,500032,4830,2,250,5.46,23.25,105275,24480,-80795,164,44,-120,151747,4830,4830,4830,0,0,0,292716,253383,0,0
093500,500032,4830,2,250,5.46,23.17,105648,24480,-81168,166,44,-122,152120,4830,4830,4830,50,1,0,293692,253060,50,0
093600,500032,4835,2,255,5.57,23.22,105648,24530,-81118,166,45,-121,152170,4835,4835,4835,50,0,1,293692,253130,0,50
093700,500032,4835,2,255,5.57,25.1,105898,26578,-79320,169,47,-122,154468,4830,4835,4830,2198,2,2,291839,250392,150,2048
093800,500032,4840,2,260,5.68,25.1,105898,26579,-79319,169,48,-121,154469,4840,4840,4840,1,0,1,291839,250342,0,1
093900,500032,4835,2,255,5.57,25.07,106413,26679,-79734,171,49,-122,155084,4840,4840,4835,600,1,1,291738,250638,500,100
094000,500032,4835,2,255,5.57,25.07,106416,26679,-79737,172,49,-123,155087,4835,4835,4835,3,1,0,291793,250138,3,0
094100,500032,4835,2,255,5.57,25.07,106426,26679,-79747,173,49,-124,155097,4835,4835,4835,0,0,0,291793,250135,0,0
094200,500032,4835,2,255,5.57,25.05,106486,26679,-79807,174,49,-125,155157,4835,4835,4835,60,1,0,291793,250125,60,0
094300,500032,4840,2,260,5.68,25.15,106486,26779,-79707,174,50,-124,155257,4840,4840,4840,100,0,1,291793,250095,0,100
094500,500032,4840,2,260,5.68,25.8,106486,27470,-79016,174,52,-122,155948,4840,4840,4840,0,0,0,291822,250576,0,0
094600,500032,4840,2,260,5.68,26.74,106654,28520,-78134,176,54,-122,157166,4840,4840,4840,0,0,0,291132,250408,0,0
094700,500032,4840,2,260,5.68,26.8,106654,28581,-78073,176,55,-121,157227,4840,4840,4840,0,0,0,290155,250408,0,0
094800,500032,4840,2,260,5.68,27.35,107003,29264,-77739,177,57,-120,158259,4840,4840,4840,0,0,0,289895,250711,0,0
094900,500032,4835,2,255,5.57,27.33,107057,29264,-77793,179,57,-122,158313,4835,4835,4835,0,0,0,289884,250505,0,0
095000,500032,4835,2,255,5.57,27.2,107589,29264,-78325,182,57,-125,158845,4835,4835,4835,0,0,0,289884,249933,0,0
095100,500032,4830,2,250,5.46,26.97,108489,29264,-79225,185,57,-128,159745,4830,4830,4830,400,1,0,291341,251143,400,0
095200,500032,4840,2,260,5.68,27.04,108619,29367,-79252,187,60,-127,159978,4840,4840,4840,73,0,2,293799,248963,0,73
095300,500032,4835,2,255,5.57,27.04,108620,29368,-79252,188,61,-127,159980,4835,4835,4835,1,1,0,293770,249864,1,0
095400,500032,4835,2,255,5.57,27.04,108620,29368,-79252,188,61,-127,159980,4835,4835,4835,0,0,0,293770,249864,0,0
095500,500032,4850,2,270,5.9,32.45,108620,35246,-73374,188,64,-124,165858,4840,4850,4840,5878,0,3,296470,250285,0,5878
095600,500032,4850,2,270,5.9,32.45,108620,35246,-73374,188,64,-124,165858,4850,4850,4850,0,0,0,296470,250285,0,0
095700,500032,4850,2,270,5.9,32.45,108620,35246,-73374,188,64,-124,165858,4850,4850,4850,0,0,0,290271,250385,0,0
095800,500032,4850,2,270,5.9,32.45,108620,35246,-73374,188,64,-124,165858,4850,4850,4850,0,0,0,290271,251185,0,0
095900,500032,4850,2,270,5.9,32.45,108620,35246,-73374,188,64,-124,165858,4850,4850,4850,0,0,0,291935,251235,0,0
100000,500032,4835,2,255,5.57,32.37,108885,35246,-73639,191,64,-127,166123,4835,4835,4835,265,3,0,293608,252026,265,0
100100,500032,4835,2,255,5.57,32.37,108885,35246,-73639,191,64,-127,166123,4835,4835,4835,0,0,0,293796,251676,0,0
100200,500032,4835,2,255,5.57,32.37,108885,35246,-73639,191,64,-127,166123,4835,4835,4835,0,0,0,293796,251672,0,0
100300,500032,4840,2,260,5.68,32.46,108885,35346,-73539,191,65,-126,166223,4840,4840,4840,0,0,0,293796,251672,0,0
100400,500032,4840,2,260,5.68,33.64,109527,36846,-72681,194,66,-128,168365,4840,4840,4840,1500,0,1,295195,252865,0,1500
100500,500032,4840,2,260,5.68,33.64,109527,36846,-72681,194,66,-128,168365,4840,4840,4840,0,0,0,293695,252971,0,0
100600,500032,4840,2,260,5.68,33.64,109527,36846,-72681,194,66,-128,168365,4840,4840,4840,0,0,0,293795,251560,0,0
100700,500032,4840,2,260,5.68,33.71,109527,36921,-72606,194,67,-127,168440,4840,4840,4840,75,0,1,297796,251560,0,75
100800,500032,4840,2,260,5.68,34.35,109527,37621,-71906,194,68,-126,169140,4840,4840,4840,0,0,0,299322,251561,0,0
100900,500032,4835,2,255,5.57,34.34,109544,37621,-71923,195,68,-127,169157,4835,4835,4835,0,0,0,299272,251561,0,0
101000,500032,4835,2,255,5.57,34.34,109544,37621,-71923,195,68,-127,169157,4835,4835,4835,0,0,0,299772,251544,0,0
101100,500032,4845,2,265,5.79,35.33,109544,38701,-70843,195,70,-125,170237,4840,4845,4840,1080,0,2,299575,251508,0,1080
101200,500032,4845,2,265,5.79,35.33,109544,38706,-70838,195,71,-124,170242,4845,4845,4845,5,0,1,299109,251508,0,5
101300,500032,4845,2,265,5.79,36.09,109544,39533,-70011,195,73,-122,171069,4845,4845,4845,827,0,2,298289,252109,0,827
101400,500032,4840,2,260,5.68,36.09,109545,39533,-70012,196,73,-123,171070,4840,4840,4840,1,1,0,298284,252114,1,0
101500,500032,4850,2,270,5.9,40.92,109545,44828,-64717,196,75,-121,176365,4845,4850,4845,5295,0,2,298736,250752,0,5295
101600,500032,4850,2,270,5.9,40.53,110625,44840,-65785,197,77,-120,177457,4850,4850,4850,1092,1,2,299733,246630,1080,12
101700,500032,4855,2,275,6.0,40.54,110625,44850,-65775,197,78,-119,177467,4855,4855,4855,10,0,1,299811,245219,0,10
101800,500032,4855,2,275,6.0,40.54,110625,44851,-65774,197,79,-118,177468,4855,4855,4855,1,0,1,299811,245550,0,1
101900,500032,4855,2,275,6.0,40.54,110625,44851,-65774,197,79,-118,177468,4855,4855,4855,0,0,0,301320,245219,0,0
102000,500032,4845,2,265,5.79,40.39,111034,44851,-66183,200,79,-121,177877,4850,4850,4845,409,3,0,303476,245151,409,0
102200,500032,4845,2,265,5.79,40.39,111034,44851,-66183,200,79,-121,177877,4845,4845,4845,0,0,0,303476,245141,0,0
102300,500032,4850,2,270,5.9,39.41,113814,44851,-68963,201,79,-122,180657,4850,4850,4850,0,0,0,303476,245151,0,0
102400,500032,4850,2,270,5.9,39.41,113814,44851,-68963,201,79,-122,180657,4850,4850,4850,0,0,0,303746,242050,0,0
102500,500032,4855,2,275,6.0,39.59,113814,45057,-68757,201,82,-119,180863,4855,4855,4855,3,0,1,303543,244355,0,3
102600,500032,4855,2,275,6.0,39.59,113814,45062,-68752,201,83,-118,180868,4855,4855,4855,0,0,0,303540,244355,0,0
102700,500032,4855,2,275,6.0,39.61,113814,45083,-68731,201,84,-117,180889,4855,4855,4855,0,0,0,304135,244368,0,0
102800,500032,4850,2,270,5.9,39.27,114816,45083,-69733,203,84,-119,181891,4850,4850,4850,1000,1,0,304118,244366,1000,0
102900,500032,4850,2,270,5.9,39.27,114816,45083,-69733,203,84,-119,181891,4850,4850,4850,0,0,0,304118,244366,0,0
103000,500032,4855,2,275,6.0,39.25,114922,45104,-69818,204,85,-119,182018,4855,4855,4855,0,0,0,304833,243311,0,0
103100,500032,4855,2,275,6.0,39.25,114922,45104,-69818,204,85,-119,182018,4855,4855,4855,0,0,0,304812,243390,0,0
103200,500032,4855,2,275,6.0,39.25,114922,45105,-69817,204,86,-118,182019,4855,4855,4855,0,0,0,304812,244791,0,0
103300,500032,4855,2,275,6.0,40.29,114922,46305,-68617,204,87,-117,183219,4855,4855,4855,0,0,0,304812,244791,0,0
103400,500032,4850,2,270,5.9,39.89,116135,46325,-69810,205,88,-117,184452,4850,4850,4850,1233,1,1,306916,243909,1213,20
103500,500032,4850,2,270,5.9,39.9,116140,46336,-69804,206,90,-116,184468,4850,4850,4850,1,0,1,306886,243904,0,1
103600,500032,4845,2,265,5.79,39.9,116142,46336,-69806,207,90,-117,184470,4845,4845,4845,2,1,0,306886,243904,2,0
103700,500032,4845,2,265,5.79,39.9,116142,46336,-69806,207,90,-117,184470,4845,4845,4845,0,0,0,306886,243902,0,0
103800,500032,4845,2,265,5.79,39.89,116167,46336,-69831,208,90,-118,184495,4845,4845,4845,25,1,0,307636,243902,25,0
103900,500032,4840,2,260,5.68,39.83,116336,46336,-70000,210,90,-120,184664,4840,4840,4840,3,1,0,307636,243891,3,0
104000,500032,4835,2,255,5.57,39.83,116337,46336,-70001,211,90,-121,184665,4835,4835,4835,1,1,0,306525,242523,1,0
104100,500032,4835,2,255,5.57,38.99,118850,46336,-72514,214,90,-124,187178,4835,4835,4835,2153,1,0,306525,243564,2153,0
104200,500032,4835,2,255,5.57,38.99,118861,46342,-72519,215,92,-123,187195,4845,4845,4835,16,1,1,305532,239998,11,5
104300,500032,4835,2,255,5.57,38.99,118861,46342,-72519,215,92,-123,187195,4835,4835,4835,0,0,0,305532,239998,0,0
104400,500032,4835,2,255,5.57,38.99,118861,46342,-72519,215,92,-123,187195,4835,4835,4835,0,0,0,305038,241699,0,0
104500,500032,4835,2,255,5.57,38.99,118861,46342,-72519,215,92,-123,187195,4835,4835,4835,0,0,0,305138,241699,0,0
104600,500032,4845,2,265,5.79,39.07,118861,46443,-72418,215,94,-121,187296,4845,4845,4845,1,0,1,305038,241879,0,1
104700,500032,4840,2,260,5.68,39.07,118871,46447,-72424,216,98,-118,187310,4845,4845,4840,14,1,4,307463,242179,10,4
104800,500032,4835,2,255,5.57,38.91,119380,46447,-72933,218,98,-120,187819,4835,4835,4835,3,1,0,306877,241699,3,0
104900,500032,4840,2,260,5.68,38.99,119380,46548,-72832,218,100,-118,187920,4840,4840,4840,101,0,2,306877,240302,0,101
105000,500032,4840,2,260,5.68,39.65,119380,47330,-72050,218,101,-117,188702,4840,4840,4840,782,0,1,306779,240302,0,782
105100,500032,4840,2,260,5.68,39.65,119381,47332,-72049,219,102,-117,188705,4840,4840,4840,1,1,0,306461,240856,1,0
105200,500032,4840,2,260,5.68,40.49,119382,48332,-71050,220,103,-117,189706,4840,4840,4840,1,1,0,305462,240431,1,0
105300,500032,4840,2,260,5.68,40.49,119382,48332,-71050,220,103,-117,189706,4840,4840,4840,0,0,0,305462,240431,0,0
105400,500032,4840,2,260,5.68,40.49,119382,48332,-71050,220,103,-117,189706,4840,4840,4840,0,0,0,305653,240908,0,0
105500,500032,4840,2,260,5.68,40.49,119382,48332,-71050,220,103,-117,189706,4840,4840,4840,0,0,0,305653,243045,0,0
105600,500032,4840,2,260,5.68,40.49,119382,48332,-71050,220,103,-117,189706,4840,4840,4840,0,0,0,305653,243545,0,0
105800,500032,4840,2,260,5.68,40.49,119382,48332,-71050,220,103,-117,189706,4840,4840,4840,0,0,0,305653,243545,0,0
105900,500032,4840,2,260,5.68,40.49,119382,48332,-71050,220,103,-117,189706,4840,4840,4840,0,0,0,305653,243545,0,0
110000,500032,4840,2,260,5.68,40.05,120687,48332,-72355,221,103,-118,191011,4840,4840,4840,0,0,0,305653,245227,0,0
110100,500032,4840,2,260,5.68,40.05,120687,48332,-72355,221,103,-118,191011,4840,4840,4840,0,0,0,306832,243958,0,0
110200,500032,4835,2,255,5.57,40.17,120787,48525,-72262,222,104,-118,191304,4835,4835,4835,0,0,0,306639,243958,0,0
110300,500032,4840,2,260,5.68,41.57,120787,50207,-70580,222,106,-116,192986,4840,4840,4840,0,0,0,305733,242176,0,0
110400,500032,4840,2,260,5.68,41.83,120787,50528,-70259,222,107,-115,193307,4840,4840,4840,321,0,1,306124,243176,0,321
110500,500032,4835,2,255,5.57,41.7,121173,50528,-70645,223,107,-116,193693,4835,4835,4835,386,1,0,305417,243790,386,0
110600,500032,4835,2,255,5.57,41.7,121173,50528,-70645,223,107,-116,193693,4835,4835,4835,0,0,0,305417,243790,0,0
110700,500032,4835,2,255,5.57,41.35,122197,50528,-71669,224,107,-117,194717,4835,4835,4835,0,0,0,306586,243885,0,0
110800,500032,4835,2,255,5.57,41.34,122219,50529,-71690,225,108,-117,194740,4835,4835,4835,22,1,0,306585,242865,22,0
110900,500032,4840,2,260,5.68,41.36,122219,50551,-71668,225,109,-116,194762,4840,4840,4840,0,0,0,306885,242865,0,0
111000,500032,4835,2,255,5.57,41.29,122419,50551,-71868,227,109,-118,194962,4835,4835,4835,200,2,0,306863,242243,200,0
111100,500032,4835,2,255,5.57,41.36,122469,50651,-71818,228,110,-118,195112,4835,4835,4835,0,0,0,306793,241650,0,0
111200,500032,4840,2,260,5.68,41.65,122469,51008,-71461,228,111,-117,195469,4840,4840,4840,0,0,0,306893,241610,0,0
111300,500032,4840,2,260,5.68,41.65,122469,51008,-71461,228,111,-117,195469,4840,4840,4840,0,0,0,307002,241618,0,0
111400,500032,4840,2,260,5.68,41.45,123069,51008,-72061,229,111,-118,196069,4840,4840,4840,0,0,0,307002,241618,0,0
111500,500032,4840,2,260,5.68,41.45,123069,51008,-72061,229,111,-118,196069,4840,4840,4840,0,0,0,307002,241054,0,0
111600,500032,4840,2,260,5.68,41.47,123069,51040,-72029,229,113,-116,196101,4840,4840,4840,0,0,0,306571,241054,0,0
111700,500032,4840,2,260,5.68,41.51,123069,51090,-71979,229,114,-115,196151,4840,4840,4840,50,0,1,306590,241023,0,50
111800,500032,4840,2,260,5.68,41.51,123069,51090,-71979,229,114,-115,196151,4840,4840,4840,0,0,0,306590,241023,0,0
111900,500032,4840,2,260,5.68,40.91,124870,51090,-73780,232,114,-118,197952,4840,4840,4840,300,1,0,307006,239436,300,0
112000,500032,4845,2,265,5.79,41.01,124870,51206,-73664,232,115,-117,198068,4845,4845,4845,0,0,0,307006,240136,0,0
112100,500032,4845,2,265,5.79,41.01,124870,51206,-73664,232,115,-117,198068,4845,4845,4845,0,0,0,307310,240136,0,0
112200,500032,4845,2,265,5.79,41.01,124870,51206,-73664,232,115,-117,198068,4845,4845,4845,0,0,0,307325,240136,0,0
112300,500032,4840,2,260,5.68,41.86,124911,52286,-72625,233,116,-117,199189,4845,4845,4840,1121,1,1,306255,240136,41,1080
112400,500032,4845,2,265,5.79,41.94,124911,52389,-72522,233,117,-116,199292,4845,4845,4845,103,0,1,306270,240095,0,103
112500,500032,4845,2,265,5.79,41.94,124911,52389,-72522,233,117,-116,199292,4845,4845,4845,0,0,0,306270,240095,0,0
112600,500032,4845,2,265,5.79,41.94,124911,52389,-72522,233,117,-116,199292,4845,4845,4845,0,0,0,306167,239895,0,0
112700,500032,4845,2,265,5.79,43.62,125830,54890,-70940,235,120,-115,202712,4845,4845,4845,939,2,1,304786,239895,919,20
112800,500032,4845,2,265,5.79,43.38,126529,54890,-71639,236,120,-116,203411,4845,4845,4845,699,1,0,304918,240694,699,0
113000,500032,4845,2,265,5.79,43.38,126529,54890,-71639,236,120,-116,203411,4845,4845,4845,0,0,0,304854,240031,0,0
113100,500032,4845,2,265,5.79,43.38,126529,54890,-71639,236,120,-116,203411,4845,4845,4845,0,0,0,304874,240215,0,0
113200,500032,4845,2,265,5.79,43.38,126529,54890,-71639,236,120,-116,203411,4845,4845,4845,0,0,0,304874,240215,0,0
113300,500032,4845,2,265,5.79,43.38,126529,54890,-71639,236,120,-116,203411,4845,4845,4845,0,0,0,304874,240215,0,0
113400,500032,4845,2,265,5.79,43.38,126529,54890,-71639,236,120,-116,203411,4845,4845,4845,0,0,0,304874,240215,0,0
113500,500032,4845,2,265,5.79,43.38,126529,54890,-71639,236,120,-116,203411,4845,4845,4845,0,0,0,304874,240215,0,0
113600,500032,4840,2,260,5.68,43.4,126539,54920,-71619,237,121,-116,203451,4840,4840,4840,10,1,0,305194,240115,10,0
113700,500032,4845,2,265,5.79,43.42,126739,55028,-71711,238,122,-116,203759,4845,4845,4845,0,0,0,305194,239905,0,0
113800,500032,4845,2,265,5.79,43.42,126739,55028,-71711,238,122,-116,203759,4845,4845,4845,0,0,0,305238,239905,0,0
113900,500032,4845,2,265,5.79,43.42,126739,55028,-71711,238,122,-116,203759,4845,4845,4845,0,0,0,305238,239905,0,0
114000,500032,4845,2,265,5.79,43.42,126739,55028,-71711,238,122,-116,203759,4845,4845,4845,0,0,0,305238,239905,0,0
114100,500032,4840,2,260,5.68,40.42,136141,55028,-81113,242,122,-120,213161,4840,4840,4840,158,2,0,296254,266283,158,0
114200,500032,4840,2,260,5.68,40.42,136141,55028,-81113,242,122,-120,213161,4840,4840,4840,0,0,0,296254,266263,0,0
114300,500032,4840,2,260,5.68,40.41,136191,55028,-81163,244,122,-122,213211,4840,4840,4840,50,2,0,296254,266233,50,0
114500,500032,4840,2,260,5.68,40.41,136191,55028,-81163,244,122,-122,213211,4840,4840,4840,0,0,0,296254,266313,0,0
114600,500032,4840,2,260,5.68,40.41,136191,55028,-81163,244,122,-122,213211,4840,4840,4840,0,0,0,296254,266313,0,0
114700,500032,4835,2,255,5.57,40.3,136539,55028,-81511,245,122,-123,213559,4835,4835,4835,0,0,0,296254,266313,0,0
114800,500032,4845,2,265,5.79,40.49,136539,55278,-81261,245,123,-122,213809,4845,4845,4845,0,0,0,296102,266165,0,0
114900,500032,4845,2,265,5.79,40.49,136539,55278,-81261,245,123,-122,213809,4845,4845,4845,0,0,0,296004,265815,0,0
115000,500032,4845,2,265,5.79,40.49,136539,55278,-81261,245,123,-122,213809,4845,4845,4845,0,0,0,296004,265815,0,0
115100,500032,4845,2,265,5.79,40.49,136539,55278,-81261,245,123,-122,213809,4845,4845,4845,0,0,0,296004,265915,0,0
115200,500032,4845,2,265,5.79,40.49,136539,55278,-81261,245,123,-122,213809,4845,4845,4845,0,0,0,296004,265915,0,0
115300,500032,4845,2,265,5.79,40.49,136539,55278,-81261,245,123,-122,213809,4845,4845,4845,0,0,0,296004,267053,0,0
115400,500032,4845,2,265,5.79,40.45,136674,55288,-81386,247,124,-123,213954,4840,4845,4840,34,1,1,295741,268049,24,10
115500,500032,4845,2,265,5.79,40.47,136674,55308,-81366,247,125,-122,213974,4845,4845,4845,20,0,1,295731,268255,0,20
115600,500032,4845,2,265,5.79,40.47,136674,55308,-81366,247,125,-122,213974,4845,4845,4845,0,0,0,295711,268255,0,0
115700,500032,4845,2,265,5.79,40.47,136674,55308,-81366,247,125,-122,213974,4845,4845,4845,0,0,0,295711,268255,0,0
115800,500032,4845,2,265,5.79,40.47,136674,55308,-81366,247,125,-122,213974,4845,4845,4845,0,0,0,295711,268255,0,0
115900,500032,4845,2,265,5.79,40.55,136674,55426,-81248,247,126,-121,214092,4845,4845,4845,118,0,1,295711,268255,0,118
120000,500032,4845,2,265,5.79,40.55,136674,55426,-81248,247,126,-121,214092,4845,4845,4845,0,0,0,295593,268255,0,0
120100,500032,4845,2,265,5.79,40.55,136674,55426,-81248,247,126,-121,214092,4845,4845,4845,0,0,0,295593,268255,0,0
120300,500032,4845,2,265,5.79,40.78,137004,55867,-81137,248,128,-120,214863,4845,4845,4845,0,0,0,295304,268485,0,0
120400,500032,4845,2,265,5.79,40.78,137004,55867,-81137,248,128,-120,214863,4845,4845,4845,0,0,0,297031,268255,0,0
120500,500032,4845,2,265,5.79,40.78,137004,55867,-81137,248,128,-120,214863,4845,4845,4845,0,0,0,297047,268255,0,0
120600,500032,4845,2,265,5.79,40.78,137004,55867,-81137,248,128,-120,214863,4845,4845,4845,0,0,0,297047,268255,0,0
120700,500032,4845,2,265,5.79,40.78,137004,55867,-81137,248,128,-120,214863,4845,4845,4845,0,0,0,297047,268255,0,0
120800,500032,4840,2,260,5.68,40.75,137104,55867,-81237,249,128,-121,214963,4840,4840,4840,0,0,0,297047,268255,0,0
120900,500032,4840,2,260,5.68,40.74,137124,55867,-81257,251,128,-123,214983,4840,4840,4840,0,0,0,297452,270335,0,0
121000,500032,4840,2,260,5.68,40.74,137124,55867,-81257,251,128,-123,214983,4840,4840,4840,0,0,0,297454,270767,0,0
121100,500032,4840,2,260,5.68,40.74,137124,55867,-81257,251,128,-123,214983,4840,4840,4840,0,0,0,297454,270767,0,0
121200,500032,4840,2,260,5.68,40.74,137124,55867,-81257,251,128,-123,214983,4840,4840,4840,0,0,0,297454,270767,0,0
121300,500032,4840,2,260,5.68,40.73,137168,55867,-81301,252,128,-124,215027,4840,4840,4840,0,0,0,308026,270771,0,0
121400,500032,4840,2,260,5.68,39.6,141080,55867,-85213,254,128,-126,218939,4840,4840,4840,3912,2,0,309067,270669,3912,0
121500,500032,4840,2,260,5.68,39.6,141080,55868,-85212,254,129,-125,218940,4840,4840,4840,1,0,1,308767,266936,0,1
121600,500032,4840,2,260,5.68,39.6,141080,55868,-85212,254,129,-125,218940,4840,4840,4840,0,0,0,308767,266936,0,0
121700,500032,4840,2,260,5.68,39.6,141080,55868,-85212,254,129,-125,218940,4840,4840,4840,0,0,0,308766,266945,0,0
121800,500032,4840,2,260,5.68,39.6,141080,55868,-85212,254,129,-125,218940,4840,4840,4840,0,0,0,308766,266945,0,0
121900,500032,4845,2,265,5.79,40.96,141080,57789,-83291,254,130,-124,221246,4840,4845,4840,2306,0,1,306926,266945,0,1921
122100,500032,4845,2,265,5.79,40.96,141080,57789,-83291,254,130,-124,221246,4845,4845,4845,0,0,0,306926,268908,0,0
122200,500032,4845,2,265,5.79,40.96,141080,57789,-83291,254,130,-124,221246,4845,4845,4845,0,0,0,306926,268908,0,0
122300,500032,4845,2,265,5.79,40.98,141080,57813,-83267,254,133,-121,221270,4845,4845,4845,21,0,2,306957,271908,0,21
122400,500032,4845,2,265,5.79,40.98,141080,57813,-83267,254,133,-121,221270,4845,4845,4845,0,0,0,306957,271908,0,0
122500,500032,4845,2,265,5.79,40.93,141277,57828,-83449,256,135,-121,221482,4845,4845,4845,0,0,0,306734,271900,0,0
122600,500032,4840,2,260,5.68,39.52,146332,57828,-88504,260,135,-125,226537,4840,4840,4840,5014,2,0,299467,270959,5014,0
122700,500032,4835,2,255,5.57,39.23,147421,57828,-89593,261,135,-126,227626,4835,4835,4835,0,0,0,302308,267045,0,0
122800,500032,4835,2,255,5.57,39.23,147421,57828,-89593,261,135,-126,227626,4835,4835,4835,0,0,0,301219,265956,0,0
122900,500032,4835,2,255,5.57,39.09,147921,57828,-90093,262,135,-127,228126,4835,4835,4835,500,1,0,311221,265956,500,0
123000,500032,4835,2,255,5.57,39.09,147921,57828,-90093,262,135,-127,228126,4835,4835,4835,0,0,0,311221,265956,0,0
123100,500032,4830,2,250,5.46,38.2,151382,57828,-93554,264,135,-129,231587,4835,4835,4830,3461,2,0,307144,265121,3461,0
123200,500032,4825,2,245,5.35,38.1,151763,57828,-93935,265,135,-130,231968,4825,4825,4825,0,0,0,307144,262375,0,0
123300,500032,4825,2,245,5.35,38.01,152123,57828,-94295,266,135,-131,232328,4825,4825,4825,360,1,0,306966,261994,360,0
123500,500032,4820,2,240,5.24,37.82,152895,57828,-95067,267,135,-132,233100,4820,4820,4820,0,0,0,304718,261670,0,0
123600,500032,4815,2,235,5.13,37.79,153037,57828,-95209,268,135,-133,233242,4815,4815,4815,142,1,0,298049,260898,142,0
123700,500032,4810,2,230,5.02,37.9,153272,58093,-95179,269,136,-133,233742,4810,4810,4810,0,0,0,278527,262035,0,0
123800,500032,4810,2,230,5.02,38.06,153722,58508,-95214,270,137,-133,234607,4810,4810,4810,450,1,0,287492,263897,450,0
123900,500032,4810,2,230,5.02,37.7,155185,58508,-96677,271,137,-134,236070,4810,4810,4810,1463,1,0,287492,265997,1463,0
124000,500032,4810,2,230,5.02,37.7,155185,58508,-96677,271,137,-134,236070,4810,4810,4810,0,0,0,287492,265997,0,0
124100,500032,4810,2,230,5.02,37.7,155185,58508,-96677,271,137,-134,236070,4810,4810,4810,0,0,0,286029,266585,0,0
124200,500032,4810,2,230,5.02,37.7,155185,58508,-96677,271,137,-134,236070,4810,4810,4810,0,0,0,286029,266657,0,0
124300,500032,4815,2,235,5.13,37.7,155185,58509,-96676,271,138,-133,236071,4815,4815,4815,1,0,1,286029,262643,0,1
124400,500032,4815,2,235,5.13,37.7,155185,58509,-96676,271,138,-133,236071,4815,4815,4815,0,0,0,286028,262643,0,0
124500,500032,4815,2,235,5.13,37.7,155185,58509,-96676,271,138,-133,236071,4815,4815,4815,0,0,0,286028,262643,0,0
124600,500032,4815,2,235,5.13,37.7,155185,58509,-96676,271,138,-133,236071,4815,4815,4815,0,0,0,286028,262643,0,0
124800,500032,4810,2,230,5.02,37.68,155277,58509,-96768,272,138,-134,236163,4810,4810,4810,0,0,0,286028,262607,0,0
124900,500032,4800,2,220,4.8,37.41,156388,58509,-97879,275,138,-137,237274,4800,4800,4800,0,0,0,285917,262543,0,0
125000,500032,4800,2,220,4.8,37.41,156388,58509,-97879,275,138,-137,237274,4800,4800,4800,0,0,0,285917,261573,0,0
125100,500032,4810,2,230,5.02,37.43,156388,58529,-97859,275,139,-136,237294,4810,4810,4810,0,0,0,282928,262302,0,0
125200,500032,4800,2,220,4.8,37.34,156732,58529,-98203,278,139,-139,237638,4800,4800,4800,114,1,0,282908,262438,114,0
125300,500032,4800,2,220,4.8,37.34,156732,58529,-98203,278,139,-139,237638,4800,4800,4800,0,0,0,282908,262836,0,0
125400,500032,4800,2,220,4.8,36.96,158356,58530,-99826,280,140,-140,239263,4805,4805,4800,1624,2,0,283107,262802,1624,0
125500,500032,4795,2,215,4.69,36.94,158488,58550,-99938,281,142,-139,239415,4795,4795,4795,152,1,2,281041,262445,132,20
125600,500032,4795,2,215,4.69,36.94,158488,58550,-99938,281,142,-139,239415,4795,4795,4795,0,0,0,281031,262455,0,0
125700,500032,4780,2,200,4.37,36.54,160488,58650,-101838,287,143,-144,241515,4795,4795,4780,155,1,1,281231,260666,55,100
125800,500032,4780,2,200,4.37,36.54,160488,58650,-101838,287,143,-144,241515,4780,4780,4780,0,0,0,281231,260666,0,0
125900,500032,4780,2,200,4.37,36.54,160488,58650,-101838,287,143,-144,241515,4780,4780,4780,0,0,0,275103,260853,0,0
130100,500032,4780,2,200,4.37,36.54,160488,58650,-101838,287,143,-144,241515,4780,4780,4780,0,0,0,284206,260853,0,0
130200,500032,4780,2,200,4.37,36.54,160488,58650,-101838,287,143,-144,241515,4780,4780,4780,0,0,0,284206,261453,0,0
130300,500032,4800,2,220,4.8,36.55,160489,58660,-101829,288,144,-144,241526,4780,4800,4780,11,1,1,287770,261452,1,10
130400,500032,4800,2,220,4.8,36.68,160489,58868,-101621,288,145,-143,241734,4800,4800,4800,208,0,1,288260,261452,0,208
130500,500032,4800,2,220,4.8,36.74,160489,58967,-101522,288,146,-142,241833,4800,4800,4800,99,0,1,287552,261452,0,99
130600,500032,4780,2,200,4.37,36.05,163589,58967,-104622,289,146,-143,244933,4780,4780,4780,3100,1,0,287558,261452,3100,0
130700,500032,4780,2,200,4.37,36.03,163669,58967,-104702,291,146,-145,245013,4780,4780,4780,80,2,0,287558,258402,80,0
130800,500032,4785,2,205,4.48,35.98,163911,58967,-104944,292,146,-146,245255,4785,4785,4785,242,1,0,278485,258390,242,0
130900,500032,4785,2,205,4.48,35.94,164048,58967,-105081,294,146,-148,245392,4785,4785,4785,0,0,0,275122,261111,0,0
131000,500032,4795,2,215,4.69,35.95,164048,58968,-105080,294,147,-147,245393,4795,4795,4795,1,0,1,274208,269401,0,1
131200,500032,4795,2,215,4.69,35.95,164048,58968,-105080,294,147,-147,245393,4795,4795,4795,0,0,0,274209,271401,0,0
131300,500032,4795,2,215,4.69,35.94,164053,58968,-105085,298,147,-151,245398,4795,4795,4795,0,0,0,275122,269888,0,0
131400,500032,4800,2,220,4.8,35.95,164053,58970,-105083,298,149,-149,245400,4800,4800,4800,0,0,0,275121,269889,0,0
131500,500032,4795,2,215,4.69,36.15,164254,59370,-104884,300,151,-149,246001,4800,4800,4795,400,1,1,283802,271540,100,300
131600,500032,4795,2,215,4.69,36.13,164314,59370,-104944,301,151,-150,246061,4795,4795,4795,60,1,0,284102,270440,60,0
131700,500032,4785,2,205,4.48,36.13,164343,59370,-104973,303,151,-152,246090,4785,4785,4785,5,1,0,275119,270357,5,0
131800,500032,4790,2,210,4.59,36.12,164353,59371,-104982,305,152,-153,246101,4785,4790,4785,6,1,1,275010,267342,5,1
131900,500032,4790,2,210,4.59,36.12,164353,59371,-104982,305,152,-153,246101,4790,4790,4790,0,0,0,275010,267342,0,0
132000,500032,4790,2,210,4.59,36.19,164353,59472,-104881,305,155,-150,246202,4790,4790,4790,101,0,3,275708,267343,0,101
132100,500032,4785,2,205,4.48,35.15,169219,59475,-109744,307,158,-149,251071,4790,4790,4785,4868,2,2,277498,263980,4866,2
132300,500032,4790,2,210,4.59,35.15,169219,59476,-109743,307,159,-148,251072,4790,4790,4790,0,0,0,276606,262478,0,0
132400,500032,4780,2,200,4.37,34.47,174297,60073,-114224,374,163,-211,256747,4780,4780,4780,1766,2,0,275555,259694,1766,0
132500,500032,4785,2,205,4.48,33.85,178362,60373,-117989,381,164,-217,261112,4785,4785,4785,1000,1,0,275515,261884,1000,0
132600,500032,4780,2,200,4.37,33.74,178959,60373,-118586,382,164,-218,262213,4780,4780,4780,0,0,0,275615,259973,0,0
132700,500032,4785,2,205,4.48,33.74,178959,60375,-118584,382,166,-216,262216,4785,4785,4785,3,0,2,274706,261481,0,2
132800,500032,4785,2,205,4.48,33.74,178959,60375,-118584,382,166,-216,262216,4785,4785,4785,0,0,0,274706,261481,0,0
132900,500032,4785,2,205,4.48,33.71,179077,60375,-118702,389,166,-223,262334,4785,4785,4785,118,7,0,277625,263797,118,0
133100,500032,4785,2,205,4.48,33.77,179094,60480,-118614,391,167,-224,262456,4785,4785,4785,0,0,0,277520,264714,0,0
133200,500032,4790,2,210,4.59,33.9,179094,60708,-118386,391,168,-223,262684,4790,4790,4790,0,0,0,278620,264807,0,0
133300,500032,4790,2,210,4.59,33.99,179334,60962,-118372,392,170,-222,263178,4790,4790,4790,0,0,0,278092,264608,0,0
133400,500032,4790,2,210,4.59,33.98,179391,60962,-118429,393,170,-223,263235,4790,4790,4790,0,0,0,281023,264664,0,0
133500,500032,4790,2,210,4.59,33.98,179391,60962,-118429,393,170,-223,263235,4790,4790,4790,0,0,0,279133,262342,0,0
133600,500032,4790,2,210,4.59,33.98,179391,60962,-118429,393,170,-223,263235,4790,4790,4790,0,0,0,278313,263842,0,0
133700,500032,4790,2,210,4.59,33.98,179391,60962,-118429,393,170,-223,263235,4790,4790,4790,0,0,0,277703,264886,0,0
133800,500032,4790,2,210,4.59,33.98,179391,60962,-118429,393,170,-223,263235,4790,4790,4790,0,0,0,278703,263386,0,0
133900,500032,4790,2,210,4.59,34.03,179391,61040,-118351,393,171,-222,263313,4790,4790,4790,78,0,1,277712,264886,0,78
134000,500032,4790,2,210,4.59,34.09,179391,61151,-118240,393,173,-220,263424,4790,4790,4790,110,0,1,277633,264857,0,110
134100,500032,4790,2,210,4.59,34.09,179391,61151,-118240,393,173,-220,263424,4790,4790,4790,0,0,0,280655,265649,0,0
134200,500032,4790,2,210,4.59,34.09,179391,61151,-118240,393,173,-220,263424,4790,4790,4790,0,0,0,280655,265512,0,0
134300,500032,4790,2,210,4.59,34.09,179391,61151,-118240,393,173,-220,263424,4790,4790,4790,0,0,0,280675,265512,0,0
134400,500032,4790,2,210,4.59,34.09,179391,61151,-118240,393,173,-220,263424,4790,4790,4790,0,0,0,280675,265512,0,0
134500,500032,4790,2,210,4.59,34.09,179391,61151,-118240,393,173,-220,263424,4790,4790,4790,0,0,0,280675,265512,0,0
134700,500032,4790,2,210,4.59,34.09,179391,61151,-118240,393,173,-220,263424,4790,4790,4790,0,0,0,278518,266912,0,0
134800,500032,4790,2,210,4.59,34.09,179391,61151,-118240,393,173,-220,263424,4790,4790,4790,0,0,0,278518,266912,0,0
134900,500032,4790,2,210,4.59,34.03,179691,61151,-118540,394,173,-221,263724,4790,4790,4790,0,0,0,280675,265512,0,0
135000,500032,4790,2,210,4.59,33.89,180447,61151,-119296,396,173,-223,264480,4790,4790,4790,430,1,0,280175,265216,430,0
135100,500032,4790,2,210,4.59,33.89,180447,61151,-119296,396,173,-223,264480,4790,4790,4790,0,0,0,280175,265216,0,0
135200,500032,4790,2,210,4.59,33.9,180447,61167,-119280,396,175,-221,264496,4790,4790,4790,16,0,2,276933,264896,0,16
135300,500032,4790,2,210,4.59,34.45,180447,62168,-118279,396,177,-219,265497,4790,4790,4790,0,0,0,276719,265096,0,0
135400,500032,4795,2,215,4.69,34.45,180447,62169,-118278,396,178,-218,265498,4795,4795,4795,0,0,0,276074,265127,0,0
135500,500032,4800,2,220,4.8,36.67,180447,66166,-114281,396,182,-214,269495,4800,4800,4800,0,0,0,278931,265127,0,0
135600,500032,4800,2,220,4.8,36.67,180447,66166,-114281,396,182,-214,269495,4800,4800,4800,0,0,0,275038,271299,0,0
135700,500032,4810,2,230,5.02,36.67,180447,66167,-114280,396,183,-213,269497,4805,4810,4805,2,0,1,277908,271299,0,1
135800,500032,4800,2,220,4.8,36.58,180898,66169,-114729,397,184,-213,269950,4800,4800,4800,451,1,0,278305,271302,451,0
135900,500032,4820,2,240,5.24,39.65,180898,71721,-109177,397,186,-211,275502,4810,4820,4810,5552,0,2,278306,269204,0,5552
140000,500032,4820,2,240,5.24,39.65,180898,71721,-109177,397,186,-211,275502,4820,4820,4820,0,0,0,278306,269204,0,0
140100,500032,4840,2,260,5.68,40.37,180898,73028,-107870,397,190,-207,276809,4820,4840,4820,1307,0,4,287570,261403,0,1307
140200,500032,4840,2,260,5.68,41.42,180898,74921,-105977,397,193,-204,278702,4835,4840,4835,1893,0,3,286588,259529,0,1893
140400,500032,4840,2,260,5.68,41.58,180898,75221,-105677,397,194,-203,279002,4840,4840,4840,0,0,0,286488,261744,0,0
140500,500032,4840,2,260,5.68,41.77,180898,75569,-105329,397,195,-202,279350,4840,4840,4840,0,0,0,284888,260081,0,0
140600,500032,4840,2,260,5.68,41.6,181978,75709,-106269,398,196,-202,280570,4840,4840,4840,0,0,0,287650,260927,0,0
140700,500032,4840,2,260,5.68,41.6,181978,75709,-106269,398,196,-202,280570,4840,4840,4840,0,0,0,289470,260927,0,0
140800,500032,4840,2,260,5.68,41.66,181978,75809,-106169,398,197,-201,280671,4840,4840,4840,100,0,1,295070,261444,0,100
140900,500032,4840,2,260,5.68,41.66,181978,75809,-106169,398,197,-201,280671,4840,4840,4840,0,0,0,295070,261444,0,0
141000,500032,4825,2,245,5.35,44.21,182795,80809,-101986,400,198,-202,286488,4830,4830,4825,817,2,0,287075,261526,817,0
141100,500032,4825,2,245,5.35,44.21,182795,80809,-101986,400,198,-202,286488,4825,4825,4825,0,0,0,286438,260546,0,0
141200,500032,4825,2,245,5.35,44.21,182795,80809,-101986,400,198,-202,286488,4825,4825,4825,0,0,0,286438,260546,0,0
141300,500032,4825,2,245,5.35,44.21,182795,80809,-101986,400,198,-202,286488,4825,4825,4825,0,0,0,286751,260933,0,0
141400,500032,4830,2,250,5.46,44.32,182800,81016,-101784,401,199,-202,286700,4840,4840,4830,212,1,1,288664,260933,5,207
141500,500032,4835,2,255,5.57,44.32,182800,81021,-101779,401,200,-201,286705,4835,4835,4835,0,0,0,288681,262131,0,0
141600,500032,4835,2,255,5.57,44.26,183081,81040,-102041,454,208,-246,287005,4835,4835,4835,300,53,8,286969,262198,281,19
141700,500032,4835,2,255,5.57,44.26,183081,81040,-102041,454,208,-246,287005,4835,4835,4835,0,0,0,286969,262198,0,0
141800,500032,4835,2,255,5.57,44.36,183081,81220,-101861,454,210,-244,287409,4835,4835,4835,400,0,2,287019,262188,0,180
142000,500032,4835,2,255,5.57,44.54,183081,81540,-101541,454,212,-242,287729,4835,4835,4835,0,0,0,287856,262219,0,0
142100,500032,4835,2,255,5.57,44.71,183111,81869,-101242,455,214,-241,288088,4835,4835,4835,0,0,0,286259,262444,0,0
142200,500032,4835,2,255,5.57,44.68,183239,81869,-101370,475,214,-261,288216,4835,4835,4835,0,0,0,287332,261998,0,0
142300,500032,4830,2,250,5.46,44.78,183250,82068,-101182,476,215,-261,288426,4830,4830,4830,0,0,0,288804,262244,0,0
142400,500032,4825,2,245,5.35,43.83,187253,82068,-105185,478,215,-263,292429,4825,4825,4825,4002,1,0,285804,263145,4002,0
142500,500032,4825,2,245,5.35,43.83,187253,82068,-105185,478,215,-263,292429,4825,4825,4825,0,0,0,285804,263145,0,0
142600,500032,4825,2,245,5.35,43.81,187323,82068,-105255,484,215,-269,292529,4825,4825,4825,0,0,0,284040,260163,0,0
142700,500032,4820,2,240,5.24,43.76,187551,82068,-105483,485,215,-270,292757,4820,4820,4820,0,0,0,285237,262577,0,0
142800,500032,4820,2,240,5.24,43.76,187551,82068,-105483,485,215,-270,292757,4820,4820,4820,0,0,0,285307,262972,0,0
142900,500032,4820,2,240,5.24,43.76,187551,82068,-105483,485,215,-270,292757,4820,4820,4820,0,0,0,285307,263695,0,0
143000,500032,4825,2,245,5.35,43.76,187552,82068,-105484,486,215,-271,292758,4825,4825,4825,1,1,0,277107,272695,1,0
143100,500032,4820,2,240,5.24,42.27,194163,82068,-112095,488,215,-273,299369,4825,4825,4820,6611,2,0,277112,271972,6611,0
143200,500032,4820,2,240,5.24,41.69,196844,82068,-114776,489,215,-274,302050,4820,4820,4820,2681,1,0,276862,270467,2681,0
143300,500032,4820,2,240,5.24,40.7,201681,82088,-119593,490,216,-274,306907,4820,4820,4820,20,0,1,267849,263984,0,20
143400,500032,4820,2,240,5.24,40.7,201681,82088,-119593,490,216,-274,306907,4820,4820,4820,0,0,0,267849,263984,0,0
143600,500032,4820,2,240,5.24,40.73,201681,82138,-119543,490,217,-273,306957,4820,4820,4820,0,0,0,267869,264065,0,0
143700,500032,4820,2,240,5.24,39.96,205641,82178,-123463,491,218,-273,310957,4820,4820,4820,0,0,0,269274,267300,0,0
143800,500032,4820,2,240,5.24,39.96,205641,82178,-123463,491,218,-273,310957,4820,4820,4820,0,0,0,263919,264345,0,0
143900,500032,4820,2,240,5.24,45.11,205649,92775,-112874,492,221,-271,321562,4820,4820,4820,0,0,0,293065,270556,0,0
144000,500032,4820,2,240,5.24,45.11,205649,92775,-112874,492,221,-271,321562,4820,4820,4820,0,0,0,293359,270556,0,0
144100,500032,4820,2,240,5.24,45.12,205649,92783,-112866,492,222,-270,321570,4820,4820,4820,0,0,0,293359,272056,0,0
144200,500032,4825,2,245,5.35,45.65,205649,93888,-111761,492,225,-267,322675,4825,4825,4825,0,0,0,294422,271027,0,0
144300,500032,4830,2,250,5.46,59.45,205649,122258,-83391,492,227,-265,351045,4830,4830,4830,0,0,0,266816,271027,0,0
144400,500032,4830,2,250,5.46,59.45,205649,122258,-83391,492,227,-265,351045,4830,4830,4830,0,0,0,265994,271027,0,0
144500,500032,4830,2,250,5.46,59.45,205649,122258,-83391,492,227,-265,351045,4830,4830,4830,0,0,0,271221,271857,0,0
144600,500032,4830,2,250,5.46,59.45,205649,122258,-83391,492,227,-265,351045,4830,4830,4830,0,0,0,271221,271109,0,0
144700,500032,4830,2,250,5.46,59.45,205649,122258,-83391,492,227,-265,351045,4830,4830,4830,0,0,0,265621,270894,0,0
144800,500032,4825,2,245,5.35,59.45,205649,122267,-83382,492,228,-264,351054,4825,4825,4825,9,0,1,265380,271495,0,9
144900,500032,4825,2,245,5.35,59.45,205649,122267,-83382,492,228,-264,351054,4825,4825,4825,0,0,0,265621,270135,0,0
145000,500032,4815,2,235,5.13,59.11,206849,122267,-84582,496,228,-268,352254,4820,4820,4815,1009,3,0,263694,271333,1009,0
145100,500032,4815,2,235,5.13,59.03,207144,122267,-84877,497,228,-269,352549,4815,4815,4815,295,1,0,263694,271394,295,0
145200,500032,4820,2,240,5.24,58.84,207849,122288,-85561,498,229,-269,353275,4810,4820,4810,726,1,1,265201,271094,705,21
145300,500032,4820,2,240,5.24,58.84,207849,122288,-85561,498,229,-269,353277,4820,4820,4820,0,0,0,265430,271194,0,0
145400,500032,4825,2,245,5.35,58.83,207852,122289,-85563,501,230,-271,353282,4825,4825,4825,4,3,0,265459,270330,3,0
145500,500032,4825,2,245,5.35,58.83,207854,122289,-85565,503,230,-273,353284,4825,4825,4825,2,2,0,265459,270464,2,0
145600,500032,4825,2,245,5.35,58.83,207855,122289,-85566,504,230,-274,353285,4825,4825,4825,0,0,0,265459,270464,0,0
145700,500032,4825,2,245,5.35,58.83,207855,122289,-85566,504,230,-274,353285,4825,4825,4825,0,0,0,265459,271568,0,0
145800,500032,4830,2,250,5.46,59.99,207855,124684,-83171,504,243,-261,355680,4830,4830,4830,2395,0,13,265459,275817,0,2395
150000,500032,4830,2,250,5.46,59.98,207861,124684,-83177,505,243,-262,355686,4830,4830,4830,0,0,0,263449,294464,0,0
150100,500032,4830,2,250,5.46,59.96,207951,124684,-83267,506,243,-263,355776,4830,4830,4830,90,1,0,266419,294408,90,0
150200,500032,4830,2,250,5.46,54.6,228340,124684,-103656,509,243,-266,376165,4830,4830,4830,0,0,0,266229,294188,0,0
150300,500032,4830,2,250,5.46,54.69,228340,124884,-103456,509,245,-264,376365,4830,4830,4830,100,0,1,294130,274988,0,100
150400,500032,4830,2,250,5.46,54.69,228340,124884,-103456,509,245,-264,376365,4830,4830,4830,0,0,0,294130,274988,0,0
150500,500032,4830,2,250,5.46,54.69,228340,124884,-103456,509,245,-264,376365,4830,4830,4830,0,0,0,294030,268800,0,0
150600,500032,4830,2,250,5.46,54.74,228340,124997,-103343,509,246,-263,376478,4830,4830,4830,0,0,0,294030,268800,0,0
150700,500032,4830,2,250,5.46,54.74,228340,124997,-103343,509,246,-263,376478,4830,4830,4830,0,0,0,294290,268787,0,0
150800,500032,4835,2,255,5.57,54.73,228390,125002,-103388,510,247,-263,376533,4835,4835,4835,5,0,1,294240,268742,0,5
150900,500032,4835,2,255,5.57,55.64,228390,127082,-101308,510,249,-261,378613,4835,4835,4835,1080,0,1,293235,268937,0,1080
151000,500032,4835,2,255,5.57,55.64,228390,127082,-101308,510,249,-261,378613,4835,4835,4835,0,0,0,292155,268937,0,0
151100,500032,4830,2,250,5.46,55.61,228535,127082,-101453,511,249,-262,378768,4830,4830,4830,10,0,0,292363,268900,0,0
151200,500032,4825,2,245,5.35,55.49,229036,127082,-101954,512,249,-263,379269,4825,4825,4825,501,1,0,292155,269300,501,0
151300,500032,4835,2,255,5.57,55.78,229469,128007,-101462,514,251,-263,380627,4835,4835,4835,9,1,0,291543,270926,9,0
151400,500032,4840,2,260,5.68,55.53,230569,128039,-102530,516,252,-264,381759,4835,4840,4835,1132,2,1,291243,270851,1100,32
151500,500032,4840,2,260,5.68,55.53,230569,128039,-102530,516,252,-264,381759,4840,4840,4840,0,0,0,291243,270851,0,0
151600,500032,4840,2,260,5.68,56.6,230569,130513,-100056,516,255,-261,384233,4840,4840,4840,2474,0,3,289347,272415,0,2474
151700,500032,4835,2,255,5.57,58.08,230670,133962,-96708,518,256,-262,387783,4840,4840,4835,3550,2,1,285643,272315,101,3449
151800,500032,4835,2,255,5.57,57.58,232670,133962,-98708,519,256,-263,389783,4835,4835,4835,2000,1,0,285642,272348,2000,0
152000,500032,4835,2,255,5.57,57.58,232670,133962,-98708,519,256,-263,389783,4835,4835,4835,0,0,0,283642,271374,0,0
152000,500032,4840,2,260,5.68,59.23,233766,138468,-95298,520,258,-262,395385,4835,4840,4835,5602,1,2,287098,265836,1096,4506
152000,500032,4840,2,260,5.68,59.23,233766,138468,-95298,520,258,-262,395385,4835,4840,4835,5602,1,2,287098,265836,1096,4506
152000,500032,4840,2,260,5.68,59.23,233766,138468,-95298,520,258,-262,395385,4835,4840,4835,5602,1,2,287098,265836,1096,4506
152000,500032,4840,2,260,5.68,59.23,233766,138468,-95298,520,258,-262,395385,4835,4840,4835,5602,1,2,287098,265836,1096,4506
152000,500032,4840,2,260,5.68,59.23,233766,138468,-95298,520,258,-262,395385,4835,4840,4835,5602,1,2,287098,265836,1096,4506
152000,500032,4840,2,260,5.68,59.23,233766,138468,-95298,520,258,-262,395385,4835,4840,4835,5602,1,2,287098,265836,1096,4506
152000,500032,4840,2,260,5.68,59.23,233766,138468,-95298,520,258,-262,395385,4835,4840,4835,5602,1,2,287098,265836,1096,4506
152000,500032,4840,2,260,5.68,59.23,233766,138468,-95298,520,258,-262,395385,4835,4840,4835,5602,1,2,287098,265836,1096,4506
152000,500032,4840,2,260,5.68,59.23,233766,138468,-95298,520,258,-262,395385,4835,4840,4835,5602,1,2,287098,265836,1096,4506
152000,500032,4840,2,260,5.68,59.23,233766,138468,-95298,520,258,-262,395385,4835,4840,4835,5602,1,2,287098,265836,1096,4506
153000,500032,4845,2,265,5.79,59.23,233766,138468,-95298,520,258,-262,409705,4845,4845,4845,14320,0,0,287096,266036,0,0
