090200,032350,13300,2,100,0.76,44.51,874,389,-485,115,134,19,2009,13300,13350,13250,78,26,30,19009,3926,41,37
090200,032350,13350,2,150,1.14,83.12,1025,852,-173,205,274,69,2623,13300,13350,13250,692,116,170,20568,4503,192,500
090300,032350,13300,2,100,0.76,159.68,1173,1873,700,290,405,115,3792,13300,13350,13300,889,37,53,19871,5521,37,852
090300,032350,13300,2,100,0.76,169.97,1352,2298,946,370,521,151,4396,13300,13350,13300,1493,117,169,21320,6547,216,1277
090400,032350,13350,2,150,1.14,359.02,1430,5134,3704,448,641,193,7310,13400,13400,13350,1373,40,70,21421,9426,40,1333
090400,032350,13500,2,300,2.27,339.59,3248,11030,7782,534,752,218,15024,13400,13500,13350,9087,126,181,23377,12921,1858,7229
090500,032350,13400,2,200,1.52,220.0,5174,11383,6209,623,830,207,17303,13500,13500,13400,1570,47,44,28944,17119,1526,44
090500,032350,13450,2,250,1.89,227.31,5702,12961,7259,681,897,216,19409,13500,13500,13400,3676,105,111,27518,16659,2054,1622
090600,032350,13400,2,200,1.52,135.94,10296,13996,3700,689,905,216,25066,13300,13450,13300,1179,2,5,22623,13737,195,984
090600,032350,13350,2,150,1.14,138.06,10356,14297,3941,691,907,216,25427,13300,13450,13300,1540,4,7,23337,14099,255,1285
090700,032350,13400,2,200,1.52,138.23,10569,14610,4041,693,916,223,25953,13450,13450,13400,526,2,9,29543,15054,213,313
090700,032350,13400,2,200,1.52,138.26,10569,14613,4044,693,917,224,25956,13450,13450,13400,529,2,10,26428,15199,213,316
090800,032350,13400,2,200,1.52,130.24,11385,14828,3443,695,920,225,26987,13400,13400,13400,916,2,1,31872,14583,816,100
090800,032350,13400,2,200,1.52,130.23,11386,14828,3442,696,920,224,26988,13400,13400,13400,917,3,1,32761,15483,817,100
090900,032350,13350,2,150,1.14,129.59,11484,14882,3398,703,923,220,27140,13350,13400,13300,105,7,2,27027,15580,98,7
090900,032350,13350,2,150,1.14,129.59,11484,14882,3398,703,923,220,27140,13350,13400,13300,105,7,2,27027,15580,98,7
091000,032350,13400,2,200,1.52,131.64,11585,15251,3666,706,933,227,27610,13400,13400,13350,470,3,10,28582,15082,101,369
091000,032350,13400,2,200,1.52,131.41,11609,15255,3646,708,934,226,27638,13400,13400,13350,498,5,11,28529,15284,125,373
091100,032350,13400,2,200,1.52,129.8,11780,15291,3511,715,935,220,27845,13350,13400,13350,207,7,1,28410,16545,171,36
091200,032350,13350,2,150,1.14,129.63,11796,15291,3495,718,935,217,27861,13350,13350,13350,1,1,0,28491,16663,1,0
091200,032350,13350,2,150,1.14,125.82,12153,15291,3138,723,935,212,28218,13350,13350,13350,358,6,0,28543,16361,358,0
091300,032350,13350,2,150,1.14,123.49,12382,15291,2909,730,935,205,28447,13350,13350,13350,19,3,0,28416,16226,19,0
091300,032350,13400,2,200,1.52,125.98,12402,15624,3222,734,945,211,28800,13350,13400,13350,372,7,10,28133,16193,39,333
091400,032350,13400,2,200,1.52,126.07,12415,15651,3236,735,948,213,28840,13400,13400,13400,0,0,0,28742,17225,0,0
091400,032350,13400,2,200,1.52,139.19,12609,17551,4942,746,951,205,30934,13400,13400,13400,2094,11,3,33664,17657,194,1900
091500,032350,13400,2,200,1.52,130.41,13464,17559,4095,751,952,201,31797,13400,13400,13400,835,3,1,28223,17018,827,8
091500,032350,13400,2,200,1.52,131.44,13476,17713,4237,752,957,205,31963,13400,13400,13350,1001,4,6,28080,18648,839,162
091600,032350,13400,2,200,1.52,131.89,13489,17790,4301,754,961,207,32053,13350,13400,13350,89,2,3,28548,18736,13,76
091600,032350,13350,2,150,1.14,134.77,13491,18182,4691,756,973,217,32447,13350,13400,13350,483,4,15,28584,18766,15,468
091700,032350,13400,2,200,1.52,134.65,13505,18184,4679,758,974,216,32463,13350,13400,13350,16,2,1,28734,18252,14,2
091700,032350,13350,2,150,1.14,133.52,13620,18186,4566,761,975,214,32580,13350,13400,13350,133,5,2,28252,18756,129,4
091800,032350,13350,2,150,1.14,133.32,13641,18186,4545,762,975,213,32601,13350,13350,13350,21,1,0,28455,19116,21,0
091800,032350,13400,2,200,1.52,133.4,13641,18197,4556,762,976,214,32612,13350,13400,13350,32,1,1,27983,19103,21,11
091900,032350,13400,2,200,1.52,133.46,13799,18416,4617,765,983,218,32989,13350,13400,13350,352,2,6,27988,19209,144,208
091900,032350,13350,2,150,1.14,135.05,13814,18656,4842,767,991,224,33244,13350,13400,13350,607,4,14,27710,19229,159,448
092000,032350,13400,2,200,1.52,134.86,13837,18660,4823,769,994,225,33271,13350,13400,13350,8,1,1,28793,18951,7,1
092000,032350,13400,2,200,1.52,135.2,13837,18708,4871,769,995,226,33319,13350,13400,13350,56,1,2,32842,18951,7,49
092100,032350,13350,2,150,1.14,135.31,14294,19341,5047,772,998,226,34409,13400,13400,13350,1090,3,3,34299,18729,457,633
092100,032350,13350,2,150,1.14,137.17,14519,19915,5396,776,1000,224,35208,13400,13400,13350,1889,7,5,33996,19011,682,1207
092200,032350,13400,2,200,1.52,140.66,14544,20457,5913,781,1010,229,35775,13350,13400,13350,555,3,10,33485,18985,13,542
092200,032350,13400,2,200,1.52,140.66,14544,20457,5913,781,1010,229,35775,13350,13400,13350,555,3,10,33485,18985,13,542
092300,032350,13400,2,200,1.52,140.89,14553,20504,5951,784,1013,229,35831,13400,13400,13400,47,0,3,34137,20861,0,47
092300,032350,13350,2,150,1.14,124.09,16557,20546,3989,787,1015,228,37877,13400,13400,13300,2093,3,5,33809,18355,2004,89
092400,032350,13300,2,100,0.76,100.83,20376,20546,170,795,1015,220,41696,13300,13300,13300,3819,8,0,34597,14872,3819,0
092400,032350,13300,2,100,0.76,99.66,20646,20576,-70,800,1018,218,41996,13300,13300,13250,4119,13,3,32341,16192,4089,30
092500,032350,13300,2,100,0.76,99.98,21165,21160,-5,803,1031,228,43099,13250,13300,13250,1103,3,13,33761,16442,519,584
092500,032350,13250,2,50,0.38,98.44,21495,21160,-335,805,1031,226,43429,13250,13300,13250,1433,5,13,33410,18203,849,584
092600,032350,13250,2,50,0.38,98.44,21495,21160,-335,805,1031,226,43429,13250,13250,13250,0,0,0,33410,18203,0,0
092700,032350,13250,2,50,0.38,98.37,21510,21160,-350,806,1031,225,43444,13250,13250,13250,0,0,0,34025,18096,0,0
092700,032350,13250,2,50,0.38,98.37,21510,21160,-350,806,1031,225,43444,13250,13250,13250,0,0,0,34025,18096,0,0
092800,032350,13250,2,50,0.38,96.24,21987,21160,-827,808,1031,223,43921,13250,13250,13250,130,1,0,35030,17771,130,0
092800,032350,13300,2,100,0.76,97.59,22127,21593,-534,809,1043,234,44494,13250,13300,13250,703,2,12,34634,17460,270,433
092900,032350,13300,2,100,0.76,105.37,22127,23315,1188,809,1050,241,46216,13300,13300,13300,311,0,1,33756,17083,0,311
092900,032350,13300,2,100,0.76,105.37,22127,23315,1188,809,1050,241,46216,13300,13300,13300,311,0,1,33756,17083,0,311
093000,032350,13300,2,100,0.76,105.37,22127,23315,1188,809,1050,241,46216,13300,13300,13300,0,0,0,33756,17083,0,0
093000,032350,13300,2,100,0.76,104.57,22298,23317,1019,813,1051,238,46389,13300,13350,13300,173,4,1,36297,15393,171,2
093100,032350,13300,2,100,0.76,104.57,22299,23319,1020,814,1053,239,46392,13350,13350,13300,3,1,2,36295,15372,1,2
093100,032350,13350,2,150,1.14,106.82,22299,23819,1520,814,1067,253,46892,13350,13350,13300,503,1,16,35796,15535,1,502
093200,032350,13350,2,150,1.14,106.84,22299,23824,1525,814,1070,256,46897,13350,13350,13350,3,0,1,35793,15856,0,3
093200,032350,13300,2,100,0.76,106.24,22429,23828,1399,815,1073,258,47031,13350,13350,13300,137,1,4,35286,15947,130,7
093300,032350,13350,2,150,1.14,106.96,22429,23989,1560,815,1074,259,47192,13350,13350,13350,161,0,1,35386,15923,0,161
093300,032350,13350,2,150,1.14,106.96,22429,23989,1560,815,1074,259,47192,13350,13350,13350,161,0,1,35386,15923,0,161
093400,032350,13300,2,100,0.76,106.23,22583,23989,1406,816,1074,258,47346,13300,13300,13300,154,1,0,35745,16518,154,0
093400,032350,13300,2,100,0.76,105.47,23251,24522,1271,819,1088,269,48547,13300,13350,13300,1355,4,14,35058,15858,822,533
093500,032350,13250,2,50,0.38,105.04,23346,24522,1176,821,1088,267,48642,13250,13250,13250,0,0,0,33544,17102,0,0
093500,032350,13250,2,50,0.38,105.03,23347,24522,1175,822,1088,266,48643,13250,13250,13250,1,1,0,33550,18410,1,0
093600,032350,13250,2,50,0.38,105.03,23347,24522,1175,822,1088,266,48643,13250,13250,13250,0,0,0,33550,18410,0,0
093600,032350,13300,2,100,0.76,105.46,23357,24633,1276,823,1089,266,48764,13300,13300,13300,121,1,1,34975,16232,10,111
093700,032350,13250,2,50,0.38,104.88,23487,24633,1146,824,1089,265,48894,13250,13250,13250,0,0,0,34977,17972,0,0
093700,032350,13300,2,100,0.76,107.73,23491,25308,1817,826,1104,278,49573,13350,13350,13300,679,2,15,34303,16368,4,675
093800,032350,13300,2,100,0.76,107.73,23491,25308,1817,826,1104,278,49573,13300,13300,13300,0,0,0,34303,16368,0,0
093800,032350,13300,2,100,0.76,107.73,23491,25308,1817,826,1104,278,49573,13300,13300,13300,0,0,0,34410,17957,0,0
093900,032350,13250,2,50,0.38,107.14,23621,25308,1687,827,1104,277,49703,13250,13250,13250,130,1,0,34410,18162,130,0
093900,032350,13250,2,50,0.38,107.14,23621,25308,1687,827,1104,277,49703,13250,13250,13250,130,1,0,34410,18162,130,0
094000,032350,13250,2,50,0.38,107.14,23621,25308,1687,827,1104,277,49703,13250,13250,13250,0,0,0,34410,18162,0,0
094000,032350,13350,2,150,1.14,108.97,23622,25741,2119,828,1117,289,50137,13350,13400,13350,434,1,13,42661,17588,1,433
094100,032350,13350,2,150,1.14,109.43,23635,25864,2229,832,1120,288,50273,13400,13400,13350,125,2,3,42543,16907,2,123
094100,032350,13350,2,150,1.14,109.2,23684,25864,2180,833,1120,287,50322,13400,13400,13350,174,3,3,42543,16907,51,123
094200,032350,13350,2,150,1.14,109.2,23684,25864,2180,833,1120,287,50322,13350,13350,13350,0,0,0,42543,16907,0,0
094200,032350,13300,2,100,0.76,109.69,23686,25981,2295,835,1123,288,50441,13350,13350,13300,119,2,3,42801,19716,2,117
094300,032350,13400,2,200,1.52,110.67,23691,26218,2527,836,1125,289,50683,13350,13400,13350,242,1,2,43359,19306,5,237
094300,032350,13350,2,150,1.14,112.56,23855,26851,2996,839,1141,302,51480,13350,13400,13350,1039,4,18,43685,19500,169,870
094400,032350,13350,2,150,1.14,112.3,23909,26851,2942,840,1141,301,51534,13350,13350,13350,54,1,0,43689,20247,54,0
094400,032350,13350,2,150,1.14,112.3,23909,26851,2942,840,1141,301,51534,13350,13350,13350,54,1,0,43689,20247,54,0
094500,032350,13350,2,150,1.14,112.3,23909,26851,2942,840,1141,301,51534,13350,13350,13350,0,0,0,43689,20247,0,0
094500,032350,13350,2,150,1.14,112.08,24039,26942,2903,841,1143,302,51755,13400,13400,13350,221,1,2,44192,20553,130,91
094600,032350,13350,2,150,1.14,113.32,24053,27256,3203,842,1151,309,52083,13400,13400,13350,328,1,8,50344,21160,14,314
094700,032350,13350,2,150,1.14,113.32,24053,27256,3203,842,1151,309,52083,13350,13350,13350,0,0,0,50344,21160,0,0
094700,032350,13350,2,150,1.14,113.31,24054,27256,3202,843,1151,308,52084,13350,13350,13350,1,1,0,51655,20855,1,0
094800,032350,13350,2,150,1.14,113.31,24054,27256,3202,843,1151,308,52084,13350,13350,13350,0,0,0,51655,20855,0,0
094800,032350,13350,2,150,1.14,111.32,24485,27256,2771,846,1151,305,52515,13350,13350,13350,431,3,0,52704,20803,431,0
094900,032350,13400,2,200,1.52,111.1,24574,27301,2727,847,1152,305,52649,13400,13400,13400,45,0,1,49579,21112,0,45
094900,032350,13450,2,250,1.89,112.34,24582,27615,3033,848,1160,312,52971,13400,13450,13350,367,1,9,55231,20648,8,359
095000,032350,13350,2,150,1.14,112.32,24585,27615,3030,849,1160,311,52974,13350,13350,13350,0,0,0,56311,20547,0,0
095000,032350,13400,2,200,1.52,111.44,24782,27616,2834,852,1161,309,53172,13350,13400,13350,198,3,1,56741,21667,197,1
095100,032350,13400,2,200,1.52,111.44,24782,27616,2834,852,1161,309,53172,13400,13400,13400,0,0,0,56741,21667,0,0
095100,032350,13400,2,200,1.52,111.44,24782,27616,2834,852,1161,309,53172,13400,13400,13400,0,0,0,56741,21667,0,0
095200,032350,13400,2,200,1.52,112.15,24782,27792,3010,852,1165,313,53348,13400,13400,13400,176,0,4,50477,22122,0,176
095200,032350,13350,2,150,1.14,112.83,24913,28109,3196,854,1175,321,53796,13400,13400,13350,624,2,14,50088,22144,131,493
095300,032350,13350,2,150,1.14,112.38,25013,28109,3096,855,1175,320,53896,13350,13350,13350,100,1,0,50347,22023,100,0
095300,032350,13350,2,150,1.14,112.38,25013,28109,3096,855,1175,320,53896,13350,13350,13350,100,1,0,50347,22023,100,0
095400,032350,13350,2,150,1.14,112.38,25013,28109,3096,855,1175,320,53896,13350,13350,13350,0,0,0,49968,22923,0,0
095500,032350,13350,2,150,1.14,111.8,25143,28109,2966,856,1175,319,54026,13350,13350,13350,0,0,0,50015,22923,0,0
095500,032350,13450,2,250,1.89,113.09,25143,28433,3290,856,1185,329,54350,13400,13450,13400,324,0,10,56353,22837,0,324
095600,032350,13450,2,250,1.89,113.32,25143,28491,3348,856,1187,331,54408,13450,13450,13450,0,0,0,56948,23077,0,0
095600,032350,13450,2,250,1.89,113.32,25143,28491,3348,856,1187,331,54408,13450,13450,13450,0,0,0,56948,23077,0,0
095700,032350,13400,2,200,1.52,113.27,25167,28506,3339,858,1188,330,54447,13400,13400,13400,0,0,0,57744,24408,0,0
095700,032350,13400,2,200,1.52,111.25,25647,28533,2886,861,1189,328,54954,13400,13400,13400,507,3,1,51236,24684,480,27
095800,032350,13400,2,200,1.52,111.25,25647,28533,2886,861,1189,328,54954,13400,13400,13400,0,0,0,51236,24684,0,0
095800,032350,13400,2,200,1.52,112.27,25695,28847,3152,863,1197,334,55316,13450,13450,13400,362,2,8,57738,24478,48,314
095900,032350,13450,2,250,1.89,112.27,25695,28848,3153,863,1198,335,55317,13450,13450,13450,1,0,1,57788,24734,0,1
095900,032350,13350,2,150,1.14,111.71,25825,28848,3023,864,1198,334,55447,13450,13450,13350,131,1,1,57787,24734,130,1
100000,032350,13450,2,250,1.89,111.19,25946,28850,2904,866,1199,333,55570,13450,13450,13450,2,0,1,57737,22614,0,2
100000,032350,13400,2,200,1.52,111.38,25946,28898,2952,866,1201,335,55618,13450,13450,13400,50,0,3,51122,22614,0,50
100100,032350,13350,2,150,1.14,111.24,25979,28898,2919,867,1201,334,55651,13350,13350,13350,0,0,0,57705,22614,0,0
100100,032350,13350,2,150,1.14,111.48,26203,29211,3008,871,1209,338,56188,13450,13450,13350,537,4,8,57894,22346,224,313
100200,032350,13400,2,200,1.52,111.63,26214,29262,3048,873,1212,339,56250,13350,13400,13350,38,1,1,50964,22254,1,37
100200,032350,13400,2,200,1.52,111.63,26214,29262,3048,873,1212,339,56250,13350,13400,13350,38,1,1,50964,22254,1,37
100300,032350,13400,2,200,1.52,111.63,26214,29262,3048,873,1212,339,56250,13400,13400,13400,0,0,0,50964,22254,0,0
100300,032350,13350,2,150,1.14,111.21,26344,29296,2952,874,1213,339,56414,13400,13400,13350,164,1,1,51202,22254,130,34
100400,032350,13350,2,150,1.14,110.99,26394,29296,2902,875,1213,338,56464,13350,13350,13350,50,1,0,51349,22324,50,0
100400,032350,13400,2,200,1.52,113.02,26394,29831,3437,875,1225,350,56999,13350,13400,13350,585,1,12,51044,22274,50,535
100500,032350,13400,2,200,1.52,112.87,26482,29891,3409,877,1226,349,57147,13350,13400,13350,61,1,1,50933,22187,1,60
100500,032350,13400,2,200,1.52,113.23,26482,29986,3504,877,1227,350,57242,13350,13400,13350,156,1,2,50874,22187,1,155
100600,032350,13350,2,150,1.14,112.81,26613,30023,3410,879,1228,349,57410,13350,13350,13350,131,2,0,52302,22186,131,0
100600,032350,13350,2,150,1.14,112.81,26614,30023,3409,880,1228,348,57411,13350,13350,13350,132,3,0,52422,22816,132,0
100700,032350,13400,2,200,1.52,113.99,26614,30336,3722,880,1236,356,57724,13400,13400,13400,313,0,8,52193,22325,0,313
100800,032350,13400,2,200,1.52,113.99,26614,30336,3722,880,1236,356,57724,13400,13400,13400,0,0,0,52193,22325,0,0
100800,032350,13350,2,150,1.14,113.5,26744,30354,3610,881,1238,357,57872,13400,13400,13350,148,1,2,52087,21749,130,18
100900,032350,13350,2,150,1.14,113.5,26744,30354,3610,881,1238,357,57872,13350,13350,13350,0,0,0,52087,21749,0,0
100900,032350,13400,2,200,1.52,112.2,27081,30386,3305,884,1239,355,58241,13350,13400,13350,369,3,1,51790,21287,337,32
101000,032350,13400,2,200,1.52,112.2,27081,30386,3305,884,1239,355,58241,13400,13400,13400,0,0,0,51790,21287,0,0
101000,032350,13400,2,200,1.52,113.44,27081,30721,3640,884,1248,364,58576,13400,13400,13400,335,0,9,51445,21307,0,335
101100,032350,13400,2,200,1.52,113.32,27217,30842,3625,886,1251,365,58833,13400,13400,13400,121,0,3,51612,21243,0,121
101100,032350,13350,2,150,1.14,113.75,27218,30961,3743,887,1258,371,58953,13400,13400,13350,241,1,10,51372,21243,1,240
101200,032350,13400,2,200,1.52,114.15,27218,31068,3850,887,1262,375,59060,13400,13400,13400,60,0,2,51422,21190,0,60
101200,032350,13400,2,200,1.52,114.15,27218,31068,3850,887,1262,375,59060,13400,13400,13400,60,0,2,51422,21190,0,60
101300,032350,13350,2,150,1.14,112.5,27631,31084,3453,891,1264,373,59489,13350,13350,13350,0,0,0,50261,21449,0,0
101300,032350,13350,2,150,1.14,113.59,27658,31418,3760,893,1273,380,59850,13350,13400,13350,361,2,9,51738,21449,27,334
101400,032350,13350,2,150,1.14,114.1,27658,31558,3900,893,1277,384,59990,13350,13350,13350,140,0,4,52067,21599,0,140
101400,032350,13350,2,150,1.14,114.39,27658,31637,3979,893,1284,391,60069,13350,13350,13350,219,0,11,51979,21599,0,219
101500,032350,13300,2,100,0.76,113.85,27788,31637,3849,894,1284,390,60199,13300,13300,13300,130,1,0,52021,21599,130,0
101500,032350,13350,2,150,1.14,114.23,27788,31742,3954,894,1286,392,60304,13300,13350,13300,235,1,2,51980,21522,130,105
101600,032350,13350,2,150,1.14,114.36,27806,31798,3992,895,1292,397,60378,13350,13350,13350,0,0,0,51916,21504,0,0
101600,032350,13350,2,150,1.14,115.22,27880,32122,4242,897,1301,404,60776,13350,13350,13350,398,2,9,53218,21467,74,324
101700,032350,13350,2,150,1.14,115.21,27893,32136,4243,899,1304,405,60803,13350,13350,13300,25,1,2,52236,21491,12,13
101700,032350,13350,2,150,1.14,115.42,28023,32344,4321,900,1314,414,61141,13350,13350,13300,363,2,12,52518,21361,142,221
101800,032350,13350,2,150,1.14,115.95,28023,32494,4471,900,1315,415,61291,13350,13350,13350,150,0,1,52469,21361,0,150
101800,032350,13350,2,150,1.14,115.96,28023,32495,4472,900,1316,416,61292,13350,13350,13350,151,0,2,52102,21362,0,151
101900,032350,13350,2,150,1.14,116.34,28023,32602,4579,900,1322,422,61399,13350,13350,13350,61,0,1,52347,21362,0,61
101900,032350,13300,2,100,0.76,117.43,28154,33062,4908,902,1333,431,61990,13350,13350,13300,652,2,12,52534,21282,131,521
102000,032350,13350,2,150,1.14,117.62,28154,33114,4960,902,1335,433,62042,13350,13350,13350,51,0,1,52533,21281,0,51
102000,032350,13350,2,150,1.14,118.58,28154,33386,5232,902,1347,445,62314,13350,13350,13350,323,0,13,52661,21281,0,323
102100,032350,13350,2,150,1.14,118.58,28154,33386,5232,902,1347,445,62314,13350,13350,13350,0,0,0,52661,21281,0,0
102100,032350,13300,2,100,0.76,118.04,28284,33387,5103,903,1348,445,62445,13350,13350,13300,131,1,1,54076,21281,130,1
102200,032350,13300,2,100,0.76,116.99,28577,33433,4856,905,1353,448,62784,13300,13350,13300,339,2,5,53950,20859,293,46
102200,032350,13350,2,150,1.14,121.53,28577,34730,6153,905,1363,458,64081,13300,13350,13300,1636,2,15,54387,20858,293,1343
102300,032350,13350,2,150,1.14,121.08,28698,34748,6050,907,1364,457,64220,13300,13350,13300,139,2,1,54676,20533,121,18
102300,032350,13350,2,150,1.14,121.74,28727,34972,6245,908,1374,466,64473,13300,13350,13300,392,3,11,54522,20504,150,242
102400,032350,13300,2,100,0.76,116.13,30116,34973,4857,911,1375,464,65863,13350,13350,13300,1383,2,1,54492,20447,1382,1
102400,032350,13300,2,100,0.76,116.23,30116,35004,4888,911,1376,465,65894,13350,13350,13300,1414,2,2,52968,20422,1382,32
102500,032350,13300,2,100,0.76,116.88,30162,35254,5092,912,1377,465,66190,13300,13300,13300,296,1,1,55823,19839,46,250
102500,032350,13350,2,150,1.14,117.92,30162,35567,5405,912,1385,473,66503,13300,13350,13300,609,1,9,56099,19955,46,563
102600,032350,13300,2,100,0.76,117.41,30292,35567,5275,913,1385,472,66633,13300,13300,13300,130,1,0,56238,20069,130,0
102600,032350,13300,2,100,0.76,115.29,30995,35735,4740,919,1390,471,67504,13300,13350,13300,1001,7,5,54439,20413,833,168
102700,032350,13300,2,100,0.76,115.29,30995,35735,4740,919,1390,471,67504,13300,13300,13300,0,0,0,54439,20413,0,0
102700,032350,13300,2,100,0.76,115.44,30995,35780,4785,919,1392,473,67549,13300,13300,13300,45,0,2,55192,20440,0,45
102800,032350,13300,2,100,0.76,117.33,30995,36366,5371,919,1409,490,68135,13300,13300,13300,586,0,17,54750,21243,0,586
102900,032350,13250,2,50,0.38,116.28,31275,36366,5091,921,1409,488,68415,13250,13250,13250,0,0,0,55231,21113,0,0
102900,032350,13300,2,100,0.76,116.66,31275,36486,5211,921,1410,489,68535,13300,13300,13300,120,0,1,54442,20963,0,120
103000,032350,13300,2,100,0.76,117.6,31275,36780,5505,921,1421,500,68829,13300,13300,13300,0,0,0,54123,20963,0,0
103000,032350,13300,2,100,0.76,117.6,31275,36780,5505,921,1421,500,68829,13300,13300,13300,0,0,0,54123,20963,0,0
103100,032350,13250,2,50,0.38,117.12,31405,36780,5375,922,1421,499,68959,13250,13250,13250,0,0,0,54931,21014,0,0
103100,032350,13300,2,100,0.76,118.63,31405,37256,5851,922,1436,514,69435,13300,13300,13300,476,0,15,54638,20884,0,476
103200,032350,13300,2,100,0.76,118.65,31405,37262,5857,922,1438,516,69441,13300,13300,13300,0,0,0,54963,20884,0,0
103200,032350,13300,2,100,0.76,118.65,31405,37262,5857,922,1438,516,69441,13300,13300,13300,0,0,0,54963,20884,0,0
103300,032350,13250,2,50,0.38,118.86,31535,37482,5947,923,1449,526,69791,13250,13250,13250,130,1,0,55086,21382,130,0
103300,032350,13250,2,50,0.38,118.84,31541,37482,5941,924,1449,525,69797,13250,13250,13250,136,2,0,55095,21271,136,0
103400,032350,13250,2,50,0.38,118.84,31541,37482,5941,924,1449,525,69797,13250,13250,13250,0,0,0,55095,21271,0,0
103400,032350,13300,2,100,0.76,120.22,31541,37920,6379,924,1464,540,70235,13300,13300,13300,438,0,15,54678,21366,0,438
103500,032350,13300,2,100,0.76,120.39,31541,37971,6430,924,1469,545,70286,13300,13300,13300,5,0,2,54628,21341,0,5
103500,032350,13250,2,50,0.38,119.85,31684,37972,6288,927,1470,543,70430,13300,13300,13250,149,3,3,54626,21336,143,6
103600,032350,13300,2,100,0.76,119.64,31864,38123,6259,932,1479,547,70761,13300,13350,13300,120,4,1,56423,20703,100,20
103600,032350,13300,2,100,0.76,119.64,31864,38123,6259,932,1479,547,70761,13300,13350,13300,120,4,1,56423,20703,100,20
103700,032350,13250,2,50,0.38,119.62,31870,38123,6253,933,1479,546,70767,13250,13250,13250,0,0,0,57065,21278,0,0
103700,032350,13300,2,100,0.76,120.45,32058,38614,6556,936,1495,559,71446,13350,13350,13300,679,3,16,54712,21273,188,491
103800,032350,13300,2,100,0.76,120.45,32058,38614,6556,936,1495,559,71446,13300,13300,13300,0,0,0,54712,21273,0,0
103800,032350,13300,2,100,0.76,120.58,32064,38664,6600,937,1498,561,71502,13300,13300,13250,56,1,3,54323,23209,6,50
103900,032350,13300,2,100,0.76,121.48,32078,38969,6891,939,1511,572,71821,13300,13300,13300,319,2,13,55927,22656,14,305
103900,032350,13250,2,50,0.38,120.99,32208,38969,6761,940,1511,571,71951,13300,13300,13250,449,3,13,56720,23208,144,305
104000,032350,13250,2,50,0.38,120.97,32214,38969,6755,941,1511,570,71957,13250,13250,13250,6,1,0,54641,23229,6,0
104000,032350,13300,2,100,0.76,122.37,32214,39419,7205,941,1525,584,72407,13250,13300,13250,456,1,14,54531,23474,6,450
104100,032350,13300,2,100,0.76,122.37,32214,39419,7205,941,1525,584,72407,13300,13300,13300,0,0,0,54531,23474,0,0
104100,032350,13250,2,50,0.38,121.99,32314,39419,7105,942,1525,583,72507,13250,13250,13250,100,1,0,54439,23574,100,0
104200,032350,13300,2,100,0.76,122.07,32447,39609,7162,944,1534,590,72830,13250,13300,13250,320,1,9,54493,23442,130,190
104200,032350,13300,2,100,0.76,122.07,32447,39609,7162,944,1534,590,72830,13250,13300,13250,320,1,9,54493,23442,130,190
104300,032350,13300,2,100,0.76,122.07,32447,39609,7162,944,1534,590,72830,13300,13300,13300,0,0,0,54493,23442,0,0
104300,032350,13300,2,100,0.76,123.55,32447,40088,7641,944,1549,605,73309,13300,13300,13300,479,0,15,54404,23542,0,479
104400,032350,13250,2,50,0.38,123.13,32577,40111,7534,945,1551,606,73462,13250,13250,13250,130,1,0,54374,23576,130,0
104400,032350,13250,2,50,0.38,123.13,32577,40111,7534,945,1551,606,73462,13250,13250,13250,130,1,0,54374,23576,130,0
104500,032350,13300,2,100,0.76,123.71,32577,40301,7724,945,1560,615,73652,13300,13300,13300,190,0,9,54429,23446,0,190
104500,032350,13300,2,100,0.76,124.15,32577,40444,7867,945,1563,618,73795,13300,13300,13300,333,0,12,54365,23447,0,333
104600,032350,13300,2,100,0.76,124.15,32577,40444,7867,945,1563,618,73795,13300,13300,13300,0,0,0,54365,23447,0,0
104600,032350,13300,2,100,0.76,124.36,32776,40759,7983,949,1574,625,74309,13300,13350,13250,514,4,11,56235,22406,199,315
104700,032350,13300,2,100,0.76,124.36,32776,40759,7983,949,1574,625,74309,13300,13300,13300,0,0,0,56235,22406,0,0
104700,032350,13300,2,100,0.76,124.36,32776,40759,7983,949,1574,625,74309,13300,13300,13300,0,0,0,56235,22406,0,0
104800,032350,13250,2,50,0.38,122.7,33276,40828,7552,951,1580,629,74878,13350,13350,13250,569,2,6,56270,22446,500,69
104800,032350,13250,2,50,0.38,122.61,33406,40959,7553,952,1584,632,75139,13350,13350,13250,830,3,10,56139,22987,630,200
104900,032350,13350,2,150,1.14,123.14,33406,41135,7729,952,1588,636,75315,13350,13350,13350,176,0,4,56007,23367,0,176
104900,032350,13350,2,150,1.14,123.7,33452,41381,7929,954,1593,639,75607,13350,13350,13300,468,2,9,55727,22780,46,422
105000,032350,13350,2,150,1.14,123.7,33452,41381,7929,954,1593,639,75607,13350,13350,13350,0,0,0,55727,22780,0,0
105000,032350,13250,2,50,0.38,123.22,33582,41381,7799,955,1593,638,75737,13250,13250,13250,130,1,0,55617,24437,130,0
105100,032350,13350,2,150,1.14,123.1,33632,41401,7769,957,1594,637,75807,13250,13350,13250,70,2,1,55617,24317,50,20
105200,032350,13350,2,150,1.14,123.65,33632,41585,7953,957,1598,641,75991,13350,13350,13350,0,0,0,55534,24327,0,0
105200,032350,13350,2,150,1.14,127.99,33632,43046,9414,957,1606,649,77452,13350,13350,13350,1461,0,8,54702,23348,0,1461
105300,032350,13350,2,150,1.14,128.47,33632,43207,9575,957,1615,658,77613,13350,13350,13350,0,0,0,54537,23359,0,0
105300,032350,13250,2,50,0.38,122.53,35262,43207,7945,960,1615,655,79243,13300,13300,13250,1630,3,0,54530,22984,1630,0
105400,032350,13250,2,50,0.38,117.93,36637,43207,6570,961,1615,654,80618,13250,13250,13250,0,0,0,55030,23041,0,0
105400,032350,13250,2,50,0.38,115.18,37560,43261,5701,962,1621,659,81595,13250,13250,13250,977,1,6,54677,21148,923,54
105500,032350,13250,2,50,0.38,115.62,37560,43425,5865,962,1626,664,81759,13250,13250,13250,0,0,0,54804,21150,0,0
105500,032350,13250,2,50,0.38,115.74,37790,43737,5947,964,1634,670,82301,13200,13250,13200,542,2,8,55946,20768,230,312
105600,032350,13250,2,50,0.38,116.26,37790,43936,6146,964,1641,677,82500,13250,13250,13250,103,0,1,43159,20756,0,103
105600,032350,13200,3,0,0.0,113.71,38638,43936,5298,965,1641,676,83348,13250,13250,13200,951,1,1,43315,20761,848,103
105700,032350,13250,2,50,0.38,113.05,39401,44541,5140,967,1642,675,84716,13250,13250,13250,639,1,0,57112,22286,639,0
105700,032350,13300,2,100,0.76,113.17,39401,44590,5189,967,1647,680,84765,13250,13300,13250,688,1,5,57292,21714,639,49
105800,032350,13300,2,100,0.76,113.15,39531,44731,5200,968,1651,683,85036,13300,13300,13300,0,0,0,57239,21475,0,0
105800,032350,13250,2,50,0.38,111.93,40331,45144,4813,969,1660,691,86249,13300,13300,13250,1213,1,9,57160,21530,800,413
105900,032350,13300,2,100,0.76,112.05,40331,45190,4859,969,1665,696,86295,13300,13300,13300,46,0,5,59348,20814,0,46
105900,032350,13300,2,100,0.76,112.05,40331,45190,4859,969,1665,696,86295,13300,13300,13300,46,0,5,59348,20814,0,46
110000,032350,13250,2,50,0.38,111.69,40461,45190,4729,970,1665,695,86425,13250,13250,13250,0,0,0,59802,20854,0,0
110000,032350,13300,2,100,0.76,111.03,40746,45239,4493,972,1670,698,86759,13250,13300,13250,334,2,5,60302,19989,285,49
110100,032350,13300,2,100,0.76,111.37,40746,45380,4634,972,1674,702,86900,13300,13300,13300,0,0,0,60233,19989,0,0
110100,032350,13300,2,100,0.76,113.38,40746,46198,5452,972,1685,713,87718,13300,13300,13300,818,0,11,59358,22938,0,818
110200,032350,13250,2,50,0.38,113.13,40877,46244,5367,974,1690,716,87895,13250,13300,13250,177,2,5,59421,23090,131,46
110200,032350,13300,2,100,0.76,113.2,40877,46272,5395,974,1691,717,87923,13250,13300,13250,205,2,6,59421,22960,131,74
110300,032350,13300,2,100,0.76,113.44,40877,46370,5493,974,1692,718,88021,13300,13300,13300,0,0,0,59493,22960,0,0
110300,032350,13300,2,100,0.76,113.56,40877,46419,5542,974,1697,723,88070,13300,13300,13300,49,0,5,59395,22997,0,49
110400,032350,13250,2,50,0.38,113.16,41184,46604,5420,975,1702,727,88562,13300,13300,13250,472,1,4,59262,23077,307,165
110400,032350,13300,2,100,0.76,112.47,41713,46916,5203,979,1710,731,89403,13300,13300,13200,1313,5,12,58751,22872,836,477
110500,032350,13300,2,100,0.76,112.77,41730,47061,5331,980,1716,736,89565,13300,13300,13300,162,1,6,60618,21956,17,145
110500,032350,13250,2,50,0.38,112.77,41732,47061,5329,981,1716,735,89567,13300,13300,13250,164,2,6,60815,22555,19,145
110600,032350,13300,2,100,0.76,112.78,41732,47064,5332,981,1717,736,89570,13300,13300,13300,3,0,1,58985,22554,0,3
110600,032350,13250,2,50,0.38,112.68,41812,47113,5301,982,1722,740,89699,13300,13300,13250,132,1,6,44654,22953,80,52
110700,032350,13250,2,50,0.38,112.99,41823,47255,5432,984,1727,743,89852,13300,13300,13250,129,1,3,59728,23037,8,121
110700,032350,13350,2,150,1.14,114.12,41823,47730,5907,984,1736,752,90327,13300,13350,13250,604,1,12,61357,22616,8,596
110800,032350,13300,2,100,0.76,114.46,41823,47870,6047,984,1742,758,90467,13300,13300,13300,140,0,6,59588,22909,0,140
110800,032350,13250,2,50,0.38,114.1,41953,47870,5917,985,1742,757,90597,13300,13300,13250,270,1,6,59378,22909,130,140
110900,032350,13250,2,50,0.38,114.1,41953,47870,5917,985,1742,757,90597,13250,13250,13250,0,0,0,59378,22909,0,0
110900,032350,13300,2,100,0.76,114.22,41953,47919,5966,985,1747,762,90646,13300,13300,13300,49,0,5,59389,23262,0,49
111000,032350,13300,2,100,0.76,113.96,42071,47945,5874,986,1750,764,90790,13300,13300,13300,144,1,3,61244,22285,118,26
111000,032350,13350,2,150,1.14,114.68,42079,48257,6178,987,1758,771,91110,13300,13350,13250,464,2,11,61613,22212,126,338
111100,032350,13200,3,0,0.0,114.31,42274,48323,6049,991,1759,768,91371,13300,13350,13200,261,4,1,62200,23323,195,66
111100,032350,13350,2,150,1.14,114.51,42274,48406,6132,991,1760,769,91454,13300,13350,13200,344,4,2,62200,23902,195,149
111200,032350,13350,2,150,1.14,114.51,42274,48406,6132,991,1760,769,91454,13350,13350,13350,0,0,0,62200,23902,0,0
111200,032350,13300,2,100,0.76,114.37,42323,48406,6083,993,1760,767,91503,13300,13300,13300,49,2,0,62126,23818,49,0
111300,032350,13250,2,50,0.38,114.25,42492,48547,6055,995,1764,769,91813,13300,13350,13250,310,2,4,61976,24399,169,141
111400,032350,13350,2,150,1.14,114.93,42492,48834,6342,995,1772,777,92100,13350,13350,13350,0,0,0,61725,24389,0,0
111400,032350,13300,2,100,0.76,114.8,42538,48834,6296,997,1772,775,92146,13300,13300,13300,46,2,0,61689,24013,46,0
111500,032350,13350,2,150,1.14,114.94,42538,48895,6357,997,1773,776,92207,13350,13350,13350,0,0,0,61689,24835,0,0
111500,032350,13350,2,150,1.14,114.94,42538,48895,6357,997,1773,776,92207,13350,13350,13350,0,0,0,61689,24835,0,0
111600,032350,13300,2,100,0.76,114.46,42717,48895,6178,999,1773,774,92386,13300,13300,13300,49,1,0,61628,24627,49,0
111600,032350,13350,2,150,1.14,115.49,42767,49390,6623,1000,1786,786,92931,13300,13350,13250,594,2,13,61209,24595,99,495
111700,032350,13250,2,50,0.38,114.74,43047,49390,6343,1002,1786,784,93211,13250,13250,13250,0,0,0,61174,24379,0,0
111700,032350,13300,2,100,0.76,114.72,43071,49412,6341,1003,1790,787,93257,13300,13300,13300,46,1,4,62470,24500,24,22
111800,032350,13250,2,50,0.38,114.37,43202,49412,6210,1005,1790,785,93388,13250,13250,13250,0,0,0,61355,25493,0,0
111800,032350,13250,2,50,0.38,112.36,43981,49417,5436,1006,1791,785,94172,13250,13250,13250,784,1,1,47017,24439,779,5
111900,032350,13250,2,50,0.38,112.88,43981,49646,5665,1006,1799,793,94401,13250,13250,13250,57,0,6,49165,24821,0,57
111900,032350,13250,2,50,0.38,113.53,44110,50077,5967,1007,1812,805,94961,13250,13250,13200,617,1,19,48847,24723,129,488
112000,032350,13200,3,0,0.0,113.19,44240,50077,5837,1008,1812,804,95091,13200,13200,13200,130,1,0,48731,24723,130,0
112000,032350,13250,2,50,0.38,113.3,44240,50123,5883,1008,1817,809,95137,13200,13250,13200,176,1,5,50099,24593,130,46
112100,032350,13250,2,50,0.38,113.3,44240,50123,5883,1008,1817,809,95137,13250,13250,13250,0,0,0,50099,24593,0,0
112100,032350,13250,2,50,0.38,113.64,44240,50274,6034,1008,1818,810,95288,13250,13250,13250,151,0,1,50060,24793,0,151
112200,032350,13200,3,0,0.0,108.04,46888,50660,3772,1010,1819,809,98322,13200,13200,13200,34,1,0,65082,22980,34,0
112200,032350,13300,2,100,0.76,109.1,46918,51189,4271,1011,1833,822,98881,13200,13300,13200,593,2,14,65041,22410,64,529
112300,032350,13250,2,50,0.38,109.08,46929,51189,4260,1013,1833,820,99037,13250,13250,13250,0,0,0,65055,22289,0,0
112300,032350,13250,2,50,0.38,109.19,46929,51242,4313,1013,1839,826,99090,13250,13250,13250,53,0,6,49977,22281,0,53
112400,032350,13200,3,0,0.0,109.19,46931,51242,4311,1014,1839,825,99092,13200,13200,13200,2,1,0,50140,22287,2,0
112400,032350,13200,3,0,0.0,108.98,47051,51276,4225,1017,1840,823,99246,13200,13200,13200,156,4,1,47636,24637,122,34
112500,032350,13250,2,50,0.38,109.08,47051,51325,4274,1017,1845,828,99295,13250,13250,13250,49,0,5,50087,25309,0,49
112500,032350,13300,2,100,0.76,109.77,47051,51649,4598,1017,1855,838,99619,13250,13300,13250,373,0,15,64642,25295,0,373
112600,032350,13250,2,50,0.38,109.93,47092,51770,4678,1019,1858,839,99781,13250,13250,13250,0,0,0,64639,25287,0,0
112600,032350,13250,2,50,0.38,110.1,47092,51846,4754,1019,1865,846,99857,13250,13250,13250,76,0,7,52686,25314,0,76
112700,032350,13250,2,50,0.38,110.09,47222,51989,4767,1020,1866,846,100130,13250,13250,13250,143,0,1,52678,25184,0,143
112700,032350,13250,2,50,0.38,110.09,47222,51989,4767,1020,1866,846,100130,13250,13250,13250,143,0,1,52678,25184,0,143
112800,032350,13250,2,50,0.38,109.96,47324,52038,4714,1022,1871,849,100281,13200,13250,13200,151,2,5,52606,25167,102,49
112800,032350,13250,2,50,0.38,110.86,47324,52462,5138,1022,1882,860,100705,13200,13250,13200,575,2,16,53370,25467,102,473
112900,032350,13200,3,0,0.0,110.85,47454,52602,5148,1023,1886,863,100975,13250,13250,13200,149,1,1,53227,25269,130,19
112900,032350,13250,2,50,0.38,110.95,47454,52648,5194,1023,1891,868,101021,13250,13250,13200,195,1,6,53227,26904,130,65
113000,032350,13200,3,0,0.0,105.41,50049,52759,2710,1024,1896,872,103727,13250,13250,13200,2706,1,5,51475,24807,2595,111
113000,032350,13150,5,50,-0.38,97.3,54587,53112,-1475,1026,1900,874,108618,13250,13250,13150,7597,3,9,51683,21410,7133,464
113100,032350,13200,3,0,0.0,96.23,56071,53959,-2112,1029,1908,879,110949,13150,13200,13100,2331,3,8,52591,24118,1484,847
113100,032350,13200,3,0,0.0,97.24,56071,54522,-1549,1029,1918,889,111512,13150,13200,13100,2894,3,18,51955,23997,1484,1410
113200,032350,13200,3,0,0.0,97.7,56071,54779,-1292,1029,1924,895,111769,13200,13200,13200,257,0,6,51994,23997,0,257
113200,032350,13200,3,0,0.0,97.78,56071,54825,-1246,1029,1929,900,111815,13200,13200,13200,303,0,11,52217,24037,0,303
113300,032350,13200,3,0,0.0,97.79,56071,54833,-1238,1029,1930,901,111823,13200,13200,13200,8,0,1,52171,24037,0,8
113400,032350,13150,5,50,-0.38,97.57,56201,54833,-1368,1030,1930,900,111953,13150,13150,13150,0,0,0,52263,24837,0,0
113400,032350,13200,3,0,0.0,98.24,56201,55214,-987,1030,1939,909,112334,13200,13200,13200,381,0,9,52590,24959,0,381
113500,032350,13200,3,0,0.0,98.68,56201,55458,-743,1030,1951,921,112578,13200,13200,13200,0,0,0,52782,25086,0,0
113500,032350,13200,3,0,0.0,98.93,56201,55598,-603,1030,1955,925,112718,13200,13200,13200,140,0,4,52662,25186,0,140
113600,032350,13200,3,0,0.0,98.76,56343,55646,-697,1032,1961,929,112908,13200,13200,13200,46,0,5,54715,25199,0,46
113600,032350,13200,3,0,0.0,98.76,56343,55646,-697,1032,1961,929,112908,13200,13200,13200,46,0,5,54715,25199,0,46
113700,032350,13200,3,0,0.0,98.76,56343,55646,-697,1032,1961,929,112908,13200,13200,13200,0,0,0,54715,25199,0,0
113700,032350,13200,3,0,0.0,99.35,56343,55977,-366,1032,1974,942,113239,13200,13200,13200,331,0,13,54444,26805,0,331
113800,032350,13150,5,50,-0.38,99.32,56473,56087,-386,1033,1982,949,113479,13150,13150,13150,130,1,0,54317,26805,130,0
113800,032350,13200,3,0,0.0,99.56,56473,56225,-248,1033,1986,953,113617,13150,13200,13150,268,1,4,54346,26705,130,138
113900,032350,13200,3,0,0.0,99.42,56601,56271,-330,1034,1991,957,113791,13200,13200,13200,46,0,5,54281,26677,0,46
113900,032350,13200,3,0,0.0,99.42,56601,56271,-330,1034,1991,957,113791,13200,13200,13200,46,0,5,54281,26677,0,46
114000,032350,13200,3,0,0.0,99.42,56601,56271,-330,1034,1991,957,113791,13200,13200,13200,0,0,0,54281,26677,0,0
114000,032350,13200,3,0,0.0,99.78,56731,56605,-126,1035,2004,969,114255,13150,13200,13150,464,1,13,54324,26578,130,334
114100,032350,13200,3,0,0.0,99.64,56831,56625,-206,1036,2005,969,114375,13200,13200,13200,20,0,1,54275,26478,0,20
114100,032350,13200,3,0,0.0,99.85,56831,56746,-85,1036,2008,972,114496,13200,13200,13200,141,0,4,54255,26478,0,141
114200,032350,13200,3,0,0.0,99.93,56831,56792,-39,1036,2013,977,114542,13200,13200,13200,46,0,5,55085,26615,0,46
114200,032350,13150,5,50,-0.38,99.7,56961,56792,-169,1037,2013,976,114672,13200,13200,13150,176,1,5,55069,26615,130,46
114300,032350,13150,5,50,-0.38,99.7,56961,56792,-169,1037,2013,976,114672,13150,13150,13150,0,0,0,55069,26615,0,0
114300,032350,13200,3,0,0.0,99.02,57823,57254,-569,1038,2027,989,115996,13150,13200,13150,1324,1,14,54735,25696,862,462
114400,032350,13150,5,50,-0.38,98.54,58129,57278,-851,1041,2030,989,116326,13150,13200,13150,326,3,1,54488,25275,306,20
114400,032350,13100,5,100,-0.76,98.53,58265,57406,-859,1043,2034,991,116590,13150,13200,13100,590,5,5,55102,26353,442,148
114500,032350,13150,5,50,-0.38,98.45,58311,57406,-905,1044,2034,990,116636,13150,13150,13150,46,1,0,55102,26148,46,0
114500,032350,13150,5,50,-0.38,98.45,58311,57406,-905,1044,2034,990,116636,13150,13150,13150,46,1,0,55102,26148,46,0
114600,032350,13150,5,50,-0.38,98.53,58311,57456,-855,1044,2036,992,116686,13150,13150,13150,0,0,0,53991,26225,0,0
114600,032350,13100,5,100,-0.76,99.19,58535,58059,-476,1047,2047,1000,117513,13150,13200,13100,827,3,11,54410,26239,224,603
114700,032350,13200,3,0,0.0,99.0,58665,58079,-586,1048,2048,1000,117663,13100,13200,13100,150,1,1,54410,26030,130,20
114700,032350,13100,5,100,-0.76,99.04,58765,58200,-565,1049,2051,1002,117884,13100,13200,13100,371,2,4,54419,25530,230,141
114800,032350,13200,3,0,0.0,99.22,58765,58308,-457,1049,2052,1003,117992,13200,13200,13200,108,0,1,54469,25430,0,108
114800,032350,13200,3,0,0.0,99.22,58765,58308,-457,1049,2052,1003,117992,13200,13200,13200,108,0,1,54469,25430,0,108
114900,032350,13200,3,0,0.0,99.43,58877,58543,-334,1050,2059,1009,118339,13150,13200,13150,347,1,7,54445,25798,112,235
114900,032350,13200,3,0,0.0,99.9,58877,58821,-56,1050,2068,1018,118617,13150,13200,13150,625,1,16,51641,25798,112,513
115000,032350,13200,3,0,0.0,99.95,58877,58845,-32,1050,2070,1020,118641,13200,13200,13200,24,0,2,52617,25998,0,24
115100,032350,13200,3,0,0.0,100.18,58877,58985,108,1050,2074,1024,118781,13200,13200,13200,0,0,0,52492,26013,0,0
115100,032350,13150,5,50,-0.38,100.09,58931,58985,54,1051,2074,1023,118835,13150,13150,13150,54,1,0,55473,24194,54,0
115200,032350,13150,5,50,-0.38,100.09,58931,58985,54,1051,2074,1023,118835,13150,13150,13150,0,0,0,55473,24194,0,0
115200,032350,13200,3,0,0.0,100.58,58931,59270,339,1051,2082,1031,119120,13150,13200,13150,285,0,8,55082,25295,0,285
115300,032350,13200,3,0,0.0,100.74,58931,59369,438,1051,2088,1037,119219,13200,13200,13200,49,0,5,55303,24398,0,49
115300,032350,13150,5,50,-0.38,100.65,59031,59413,382,1052,2092,1040,119363,13200,13200,13150,193,1,9,55022,25421,100,93
115400,032350,13150,5,50,-0.38,100.64,59161,59539,378,1053,2096,1043,119619,13150,13150,13150,0,0,0,55014,26341,0,0
115400,032350,13150,5,50,-0.38,100.8,59161,59636,475,1053,2103,1050,119716,13150,13150,13150,97,0,7,54848,26542,0,97
115500,032350,13150,5,50,-0.38,100.8,59161,59637,476,1053,2104,1051,119717,13150,13150,13150,0,0,0,54798,26542,0,0
115500,032350,13200,3,0,0.0,101.5,59161,60047,886,1053,2114,1061,120127,13150,13200,13150,410,0,10,54818,26541,0,410
115600,032350,13150,5,50,-0.38,101.21,59331,60047,716,1056,2114,1058,120297,13150,13150,13150,40,2,0,54951,26739,40,0
115600,032350,13200,3,0,0.0,101.21,59350,60067,717,1058,2115,1057,120336,13150,13200,13150,79,4,1,54951,26505,59,20
115700,032350,13200,3,0,0.0,101.41,59350,60188,838,1058,2118,1060,120457,13200,13200,13200,0,0,0,55506,26505,0,0
115700,032350,13150,5,50,-0.38,101.39,59380,60204,824,1060,2119,1059,120503,13200,13200,13150,46,2,1,55369,26438,30,16
115800,032350,13150,5,50,-0.38,101.2,59495,60208,713,1061,2120,1059,120622,13150,13150,13150,0,0,0,55261,26537,0,0
115800,032350,13150,5,50,-0.38,101.57,59625,60561,936,1062,2132,1070,121105,13100,13150,13100,483,1,12,54963,27504,130,353
115900,032350,13150,5,50,-0.38,101.66,59625,60612,987,1062,2139,1077,121156,13150,13150,13150,50,0,6,54960,27504,0,50
115900,032350,13150,5,50,-0.38,101.71,59625,60643,1018,1062,2142,1080,121187,13150,13150,13150,81,0,9,54931,27605,0,81
120000,032350,13150,5,50,-0.38,101.88,59642,60766,1124,1063,2146,1083,121327,13150,13150,13150,140,1,4,55161,27501,17,123
120000,032350,13150,5,50,-0.38,101.58,59818,60766,948,1065,2146,1081,121503,13150,13150,13100,316,3,4,55898,27399,193,123
120100,032350,13150,5,50,-0.38,101.58,59818,60766,948,1065,2146,1081,121503,13150,13150,13150,0,0,0,55898,27399,0,0
120100,032350,13200,3,0,0.0,102.06,59818,61051,1233,1065,2154,1089,121788,13150,13200,13150,285,0,8,55091,27474,0,285
120200,032350,13150,5,50,-0.38,101.98,59867,61051,1184,1067,2154,1087,121837,13150,13150,13150,49,2,0,55820,27581,49,0
120200,032350,13200,3,0,0.0,101.57,60129,61071,942,1069,2155,1086,122119,13150,13200,13100,331,4,1,55820,27490,311,20
120300,032350,13150,5,50,-0.38,101.86,60129,61246,1117,1069,2160,1091,122294,13200,13200,13150,175,0,5,56472,27491,0,175
120300,032350,13150,5,50,-0.38,101.95,60129,61301,1172,1069,2166,1097,122349,13200,13200,13150,230,0,11,56246,27521,0,230
120400,032350,13150,5,50,-0.38,101.95,60129,61301,1172,1069,2166,1097,122349,13150,13150,13150,0,0,0,56246,27521,0,0
120400,032350,13150,5,50,-0.38,102.5,60129,61633,1504,1069,2176,1107,122681,13150,13150,13150,332,0,10,55917,27521,0,332
120500,032350,13150,5,50,-0.38,102.36,60259,61682,1423,1070,2181,1111,122860,13150,13150,13150,49,0,5,55889,27391,0,49
120500,032350,13150,5,50,-0.38,102.39,60259,61702,1443,1070,2182,1112,122880,13150,13150,13150,69,0,6,55856,27441,0,69
120600,032350,13150,5,50,-0.38,102.78,60259,61934,1675,1070,2187,1117,123112,13150,13150,13150,232,0,5,55665,27441,0,232
120600,032350,13150,5,50,-0.38,102.69,60312,61936,1624,1072,2188,1116,123167,13150,13150,13150,287,2,6,55234,26277,53,234
120700,032350,13100,5,100,-0.76,102.45,60452,61936,1484,1075,2188,1113,123307,13150,13150,13100,140,3,0,55234,27312,140,0
120700,032350,13150,5,50,-0.38,103.01,60541,62365,1824,1077,2198,1121,123825,13150,13200,13100,658,5,10,55337,27147,229,429
120800,032350,13150,5,50,-0.38,102.95,60579,62365,1786,1080,2198,1118,123863,13150,13150,13150,35,2,0,55337,27183,35,0
120800,032350,13200,3,0,0.0,102.93,60611,62385,1774,1081,2199,1118,123915,13150,13200,13150,87,3,1,55347,27258,67,20
120900,032350,13200,3,0,0.0,102.91,60741,62506,1765,1082,2202,1120,124166,13100,13200,13100,251,1,3,55328,27948,130,121
121000,032350,13150,5,50,-0.38,102.83,60787,62506,1719,1084,2202,1118,124212,13150,13150,13150,0,0,0,55215,28017,0,0
121000,032350,13200,3,0,0.0,103.3,60787,62791,2004,1084,2210,1126,124497,13200,13200,13200,285,0,8,54998,28099,0,285
121100,032350,13200,3,0,0.0,103.39,60787,62849,2062,1084,2212,1128,124555,13200,13200,13200,0,0,0,54874,27068,0,0
121100,032350,13200,3,0,0.0,103.49,60787,62906,2119,1084,2218,1134,124612,13200,13200,13200,57,0,6,54823,27266,0,57
121200,032350,13150,5,50,-0.38,103.42,60847,62926,2079,1085,2219,1134,124692,13150,13150,13150,20,0,1,54179,28423,0,20
121200,032350,13150,5,50,-0.38,103.62,60847,63048,2201,1085,2223,1138,124814,13150,13150,13150,142,0,5,54037,28423,0,142
121300,032350,13150,5,50,-0.38,103.54,60893,63048,2155,1087,2223,1136,124860,13150,13150,13150,46,2,0,54539,27011,46,0
121300,032350,13200,3,0,0.0,104.13,60893,63406,2513,1087,2233,1146,125218,13150,13200,13150,404,2,10,54283,27241,46,358
121400,032350,13100,5,100,-0.76,103.91,61023,63406,2383,1088,2233,1145,125348,13100,13100,13100,0,0,0,54181,27360,0,0
121400,032350,13150,5,50,-0.38,103.9,61072,63451,2379,1090,2235,1145,125442,13200,13200,13150,94,2,2,54136,27761,49,45
121500,032350,13200,3,0,0.0,103.93,61072,63471,2399,1090,2236,1146,125462,13200,13200,13200,20,0,1,54136,27839,0,20
121500,032350,13200,3,0,0.0,103.93,61072,63471,2399,1090,2236,1146,125462,13200,13200,13200,20,0,1,54136,27839,0,20
121600,032350,13150,5,50,-0.38,104.04,61123,63592,2469,1093,2239,1146,125634,13150,13150,13150,51,3,0,54105,27766,51,0
121600,032350,13150,5,50,-0.38,104.5,61125,63878,2753,1094,2248,1154,125922,13150,13200,13150,339,4,9,53534,27784,53,286
121700,032350,13150,5,50,-0.38,104.5,61125,63878,2753,1094,2248,1154,125922,13150,13150,13150,0,0,0,53534,27784,0,0
121700,032350,13150,5,50,-0.38,104.61,61125,63943,2818,1094,2254,1160,125987,13150,13150,13150,65,0,6,53547,27904,0,65
121800,032350,13150,5,50,-0.38,104.61,61125,63943,2818,1094,2254,1160,125987,13150,13150,13150,0,0,0,53547,27904,0,0
121800,032350,13100,5,100,-0.76,104.42,61255,63963,2708,1095,2255,1160,126137,13200,13200,13100,150,1,1,54034,27903,130,20
121900,032350,13150,5,50,-0.38,104.46,61364,64100,2736,1099,2259,1160,126383,13150,13200,13150,125,4,1,53897,28096,109,16
121900,032350,13200,3,0,0.0,104.92,61364,64385,3021,1099,2267,1168,126668,13150,13200,13150,410,4,9,53648,28139,109,301
122000,032350,13200,3,0,0.0,104.91,61374,64389,3015,1101,2270,1169,126682,13150,13200,13150,13,2,2,53610,28139,10,3
122000,032350,13150,5,50,-0.38,104.82,61467,64432,2965,1103,2275,1172,126818,13150,13200,13150,149,4,7,53608,28145,103,46
122100,032350,13200,3,0,0.0,104.55,61647,64452,2805,1105,2276,1171,127018,13150,13200,13150,200,2,1,53608,28261,180,20
122100,032350,13200,3,0,0.0,104.81,61647,64610,2963,1105,2280,1175,127176,13150,13200,13150,358,2,5,53751,28063,180,178
122200,032350,13200,3,0,0.0,104.86,61693,64689,2996,1107,2282,1175,127301,13150,13200,13150,125,2,2,53593,29113,46,79
122200,032350,13150,5,50,-0.38,105.18,61814,65018,3204,1108,2291,1183,127751,13150,13200,13150,575,3,11,53431,27881,167,408
122300,032350,13150,5,50,-0.38,105.18,61814,65018,3204,1108,2291,1183,127751,13150,13150,13150,0,0,0,53431,27881,0,0
122300,032350,13150,5,50,-0.38,105.28,61814,65075,3261,1108,2297,1189,127808,13150,13150,13150,57,0,6,53202,29661,0,57
122400,032350,13200,3,0,0.0,105.77,61822,65387,3565,1109,2299,1190,128128,13150,13200,13150,320,1,2,53698,29660,8,312
122500,032350,13200,3,0,0.0,105.77,61822,65387,3565,1109,2299,1190,128128,13200,13200,13200,0,0,0,53698,29660,0,0
122500,032350,13200,3,0,0.0,106.12,61998,65793,3795,1112,2310,1198,128710,13200,13200,13100,582,3,11,53808,29530,176,406
122600,032350,13200,3,0,0.0,106.48,61998,66018,4020,1112,2313,1201,128935,13200,13200,13200,0,0,0,55417,29414,0,0
122600,032350,13200,3,0,0.0,106.58,62009,66089,4080,1114,2315,1201,129017,13200,13200,13150,82,2,2,56343,29337,11,71
122700,032350,13150,5,50,-0.38,106.77,62009,66204,4195,1114,2322,1208,129132,13150,13150,13150,0,0,0,56145,29458,0,0
122700,032350,13150,5,50,-0.38,106.67,62139,66283,4144,1115,2326,1211,129341,13150,13150,13100,209,1,4,56157,29378,130,79
122800,032350,13150,5,50,-0.38,106.67,62139,66283,4144,1115,2326,1211,129341,13150,13150,13150,0,0,0,56157,29378,0,0
122800,032350,13150,5,50,-0.38,107.12,62238,66667,4429,1116,2340,1224,129824,13150,13150,13100,483,1,14,55797,29510,99,384
122900,032350,13200,3,0,0.0,107.23,62238,66735,4497,1116,2343,1227,129892,13200,13200,13200,0,0,0,56041,29510,0,0
122900,032350,13100,5,100,-0.76,107.08,62404,66823,4419,1118,2345,1227,130146,13100,13200,13100,254,2,2,56402,29563,166,88
123000,032350,13150,5,50,-0.38,106.91,62506,66823,4317,1120,2345,1225,130248,13150,13150,13150,102,2,0,56402,29534,102,0
123000,032350,13150,5,50,-0.38,106.91,62506,66823,4317,1120,2345,1225,130248,13150,13150,13150,102,2,0,56402,29534,102,0
123100,032350,13200,3,0,0.0,106.85,62556,66844,4288,1122,2347,1225,130319,13200,13200,13200,0,0,0,56382,29552,0,0
123100,032350,13200,3,0,0.0,107.9,62558,67498,4940,1124,2366,1242,130975,13200,13200,13150,656,2,19,55728,28043,2,654
123200,032350,13150,5,50,-0.38,107.79,62618,67498,4880,1125,2366,1241,131035,13150,13150,13150,0,0,0,55727,28044,0,0
123200,032350,13150,5,50,-0.38,107.79,62618,67498,4880,1125,2366,1241,131035,13150,13150,13150,0,0,0,55727,28044,0,0
123300,032350,13150,5,50,-0.38,107.96,62618,67600,4982,1125,2372,1247,131137,13150,13150,13150,102,0,6,55237,29637,0,102
123300,032350,13150,5,50,-0.38,107.96,62618,67600,4982,1125,2372,1247,131137,13150,13150,13150,102,0,6,55237,29637,0,102
123400,032350,13100,5,100,-0.76,107.76,62748,67620,4872,1126,2373,1247,131287,13100,13100,13100,130,1,0,55657,29636,130,0
123400,032350,13150,5,50,-0.38,108.66,62749,68186,5437,1127,2391,1264,131854,13100,13200,13100,697,2,18,55184,29386,131,566
123500,032350,13150,5,50,-0.38,108.62,62772,68186,5414,1132,2391,1259,131877,13150,13150,13150,9,2,0,55184,29201,9,0
123500,032350,13150,5,50,-0.38,108.51,62841,68189,5348,1133,2392,1259,131949,13150,13150,13150,81,3,1,54909,27970,78,3
123600,032350,13150,5,50,-0.38,108.59,62841,68238,5397,1133,2397,1264,131998,13150,13150,13150,49,0,5,54792,29794,0,49
123600,032350,13100,5,100,-0.76,108.35,62981,68238,5257,1135,2397,1262,132138,13150,13150,13100,189,2,5,54739,29853,140,49
123700,032350,13200,3,0,0.0,108.38,62981,68258,5277,1135,2398,1263,132158,13200,13200,13200,0,0,0,55212,29425,0,0
123700,032350,13200,3,0,0.0,108.42,63481,68823,5342,1137,2415,1278,133223,13200,13200,13100,1065,2,17,55739,29124,500,565
123800,032350,13100,5,100,-0.76,103.99,66183,68823,2640,1143,2415,1272,135925,13100,13100,13100,214,4,0,55682,27714,214,0
123800,032350,13100,5,100,-0.76,103.78,66329,68839,2510,1145,2416,1271,136087,13100,13150,13050,376,6,1,55666,26744,360,16
123900,032350,13150,5,50,-0.38,103.86,66329,68888,2559,1145,2421,1276,136136,13150,13150,13150,49,0,5,55666,27187,0,49
123900,032350,13150,5,50,-0.38,103.86,66329,68888,2559,1145,2421,1276,136136,13150,13150,13150,49,0,5,55666,27187,0,49
124000,032350,13150,5,50,-0.38,103.89,66329,68908,2579,1145,2422,1277,136156,13150,13150,13150,0,0,0,58017,27187,0,0
124000,032350,13100,5,100,-0.76,104.65,66399,69485,3086,1148,2442,1294,136803,13150,13150,13100,647,3,20,55621,27148,70,577
124100,032350,13050,5,150,-1.14,104.66,66404,69500,3096,1149,2443,1294,136823,13050,13050,13050,5,1,0,53404,29657,5,0
124100,032350,13100,5,100,-0.76,104.66,66404,69501,3097,1149,2444,1295,136824,13050,13100,13050,6,1,1,53404,29661,5,1
124200,032350,13100,5,100,-0.76,104.74,66404,69551,3147,1149,2450,1301,136874,13100,13100,13100,50,0,6,53354,30427,0,50
124300,032350,13100,5,100,-0.76,104.88,66416,69660,3244,1150,2454,1304,136995,13100,13100,13100,21,1,2,52357,30495,12,9
124300,032350,13150,5,50,-0.38,105.0,66557,69887,3330,1152,2461,1309,137363,13100,13150,13050,389,3,9,56335,30446,153,236
124400,032350,13150,5,50,-0.38,105.41,66591,70192,3601,1155,2471,1316,137702,13150,13150,13150,0,0,0,57151,28971,0,0
124400,032350,13050,5,150,-1.14,104.62,67091,70192,3101,1156,2471,1315,138202,13050,13050,13050,500,1,0,57150,30644,500,0
124500,032350,13050,5,150,-1.14,104.62,67092,70192,3100,1157,2471,1314,138203,13050,13050,13050,0,0,0,57150,30145,0,0
124500,032350,13100,5,100,-0.76,104.35,67271,70196,2925,1160,2472,1312,138386,13050,13100,13050,183,3,1,54062,30048,179,4
124600,032350,13100,5,100,-0.76,104.35,67271,70196,2925,1160,2472,1312,138386,13100,13100,13100,0,0,0,54062,30048,0,0
124600,032350,13150,5,50,-0.38,105.31,67271,70843,3572,1160,2484,1324,139033,13150,13150,13100,647,0,12,56694,28758,0,647
124700,032350,13100,5,100,-0.76,105.47,67357,71039,3682,1167,2491,1324,139315,13150,13150,13100,89,3,2,56319,28569,20,69
124700,032350,13050,5,150,-1.14,105.26,67487,71039,3552,1168,2491,1323,139445,13150,13150,13050,219,4,2,56427,30204,150,69
124800,032350,13100,5,100,-0.76,105.18,67541,71039,3498,1173,2491,1318,139499,13100,13100,13100,5,1,0,56427,29022,5,0
124800,032350,13100,5,100,-0.76,105.04,67629,71040,3411,1177,2492,1315,139588,13100,13100,13050,94,5,1,53515,30739,93,1
124900,032350,13100,5,100,-0.76,105.04,67629,71040,3411,1177,2492,1315,139588,13100,13100,13100,0,0,0,53515,30739,0,0
124900,032350,13150,5,50,-0.38,105.4,67692,71349,3657,1179,2502,1323,139960,13150,13150,13100,372,2,10,56299,29513,63,309
125000,032350,13150,5,50,-0.38,105.37,67825,71470,3645,1182,2505,1323,140214,13150,13150,13150,0,0,0,56297,31013,0,0
125000,032350,13150,5,50,-0.38,105.37,67825,71470,3645,1182,2505,1323,140214,13150,13150,13150,0,0,0,56297,31013,0,0
125100,032350,13150,5,50,-0.38,105.37,67825,71470,3645,1182,2505,1323,140214,13150,13150,13150,0,0,0,56340,28454,0,0
125100,032350,13150,5,50,-0.38,105.52,67825,71569,3744,1182,2511,1329,140313,13150,13150,13150,99,0,6,57291,28456,0,99
125200,032350,13150,5,50,-0.38,105.06,68145,71590,3445,1184,2512,1328,140654,13100,13150,13100,341,2,1,57241,28326,320,21
125200,032350,13100,5,100,-0.76,105.45,68242,71958,3716,1186,2522,1336,141119,13100,13150,13100,806,4,11,56898,28825,417,389
125300,032350,13100,5,100,-0.76,105.4,68388,72079,3691,1189,2525,1336,141386,13100,13150,13100,267,3,3,56888,29050,146,121
125300,032350,13100,5,100,-0.76,105.24,68488,72079,3591,1190,2525,1335,141486,13100,13150,13100,367,4,3,56888,29107,246,121
125400,032350,13050,5,150,-1.14,105.04,68618,72079,3461,1191,2525,1334,141616,13050,13050,13050,130,1,0,56888,30508,130,0
125400,032350,13100,5,100,-0.76,104.96,68675,72079,3404,1194,2525,1331,141673,13050,13100,13050,187,4,0,56908,27991,187,0
125500,032350,13100,5,100,-0.76,104.96,68675,72079,3404,1194,2525,1331,141673,13100,13100,13100,0,0,0,56908,27991,0,0
125500,032350,13100,5,100,-0.76,105.57,68695,72524,3829,1195,2536,1341,142138,13150,13150,13100,465,1,11,56477,28950,20,445
125600,032350,13150,5,50,-0.38,105.82,68695,72691,3996,1195,2544,1349,142305,13150,13150,13150,167,0,8,56956,29210,0,167
125600,032350,13100,5,100,-0.76,105.62,68825,72691,3866,1196,2544,1348,142435,13150,13150,13100,297,1,8,56910,29365,130,167
125700,032350,13100,5,100,-0.76,105.57,68855,72691,3836,1197,2544,1347,142465,13100,13100,13100,30,1,0,57232,29235,30,0
125800,032350,13150,5,50,-0.38,105.64,68855,72740,3885,1197,2549,1352,142514,13150,13150,13150,0,0,0,57246,29806,0,0
125800,032350,13150,5,50,-0.38,105.39,69093,72820,3727,1198,2551,1353,142832,13100,13150,13100,318,1,2,57451,29568,238,80
125900,032350,13150,5,50,-0.38,105.9,69223,73304,4081,1199,2560,1361,143446,13150,13150,13150,0,0,0,57286,29538,0,0
125900,032350,13150,5,50,-0.38,106.29,69223,73574,4351,1199,2570,1371,143716,13150,13150,13150,270,0,10,57013,29938,0,270
130000,032350,13150,5,50,-0.38,106.29,69223,73574,4351,1199,2570,1371,143716,13150,13150,13150,0,0,0,57013,29938,0,0
130000,032350,13150,5,50,-0.38,106.29,69223,73574,4351,1199,2570,1371,143716,13150,13150,13150,0,0,0,57061,29973,0,0
130100,032350,13100,5,100,-0.76,106.17,69353,73631,4278,1200,2576,1376,143903,13100,13100,13100,130,1,0,57134,29843,130,0
130100,032350,13150,5,50,-0.38,106.58,69353,73918,4565,1200,2584,1384,144190,13100,13150,13100,417,1,8,57055,29893,130,287
130200,032350,13150,5,50,-0.38,106.71,69354,74010,4656,1201,2587,1386,144283,13150,13150,13150,0,0,0,57221,29912,0,0
130200,032350,13150,5,50,-0.38,106.99,69354,74205,4851,1201,2599,1398,144478,13150,13150,13150,195,0,12,57026,30112,0,195
130300,032350,13150,5,50,-0.38,106.99,69354,74205,4851,1201,2599,1398,144478,13150,13150,13150,0,0,0,57026,30112,0,0
130300,032350,13150,5,50,-0.38,107.27,69354,74399,5045,1201,2602,1401,144672,13150,13150,13150,194,0,3,57337,30112,0,194
130400,032350,13150,5,50,-0.38,107.36,69354,74456,5102,1201,2608,1407,144729,13150,13150,13150,0,0,0,57287,30112,0,0
130400,032350,13150,5,50,-0.38,108.04,69354,74928,5574,1201,2624,1423,145201,13150,13150,13150,472,0,16,57109,30193,0,472
130500,032350,13150,5,50,-0.38,108.09,69354,74963,5609,1201,2626,1425,145236,13150,13150,13150,35,0,2,57076,30193,0,35
130500,032350,13150,5,50,-0.38,108.86,69354,75496,6142,1201,2640,1439,145769,13150,13150,13150,568,0,16,56626,30334,0,568
130600,032350,13200,3,0,0.0,108.86,69354,75497,6143,1201,2641,1440,145770,13200,13200,13200,1,0,1,57532,30633,0,1
130600,032350,13150,5,50,-0.38,108.93,69354,75550,6196,1201,2645,1444,145823,13200,13200,13150,54,0,5,56733,31589,0,54
130700,032350,13150,5,50,-0.38,109.02,69354,75607,6253,1201,2651,1450,145880,13150,13150,13150,8,0,1,56683,31589,0,8
130700,032350,13150,5,50,-0.38,109.44,69410,75963,6553,1203,2661,1458,146292,13150,13200,13150,420,2,11,57469,30814,56,364
130800,032350,13200,3,0,0.0,109.69,69411,76140,6729,1204,2664,1460,146470,13200,13200,13200,25,0,2,57293,29500,0,25
130800,032350,13200,3,0,0.0,109.97,69411,76333,6922,1204,2674,1470,146663,13200,13200,13200,218,0,12,57503,30323,0,218
130900,032350,13150,5,50,-0.38,109.81,69511,76333,6822,1205,2674,1469,146763,13150,13150,13150,100,1,0,57484,41222,100,0
130900,032350,13150,5,50,-0.38,109.58,69658,76333,6675,1206,2674,1468,146910,13150,13150,13150,247,2,0,57489,41294,247,0
131000,032350,13150,5,50,-0.38,109.42,69805,76382,6577,1207,2679,1472,147106,13200,13200,13150,196,1,5,57440,41287,147,49
131100,032350,13200,3,0,0.0,109.86,69805,76688,6883,1207,2688,1481,147412,13200,13200,13200,0,0,0,57162,41193,0,0
131100,032350,13200,3,0,0.0,109.86,69805,76688,6883,1207,2688,1481,147412,13200,13200,13200,0,0,0,57162,41193,0,0
131200,032350,13200,3,0,0.0,110.22,69805,76942,7137,1207,2701,1494,147666,13200,13200,13200,0,0,0,56997,41138,0,0
131200,032350,13200,3,0,0.0,110.22,69805,76942,7137,1207,2701,1494,147666,13200,13200,13200,0,0,0,56997,41138,0,0
131300,032350,13200,3,0,0.0,110.22,69805,76942,7137,1207,2701,1494,147666,13200,13200,13200,0,0,0,57096,41138,0,0
131300,032350,13200,3,0,0.0,110.78,69805,77330,7525,1207,2718,1511,148054,13200,13200,13200,388,0,17,56762,41242,0,388
131400,032350,13200,3,0,0.0,110.81,69805,77353,7548,1207,2720,1513,148077,13200,13200,13200,23,0,2,56741,41242,0,23
131400,032350,13200,3,0,0.0,110.81,69805,77353,7548,1207,2720,1513,148077,13200,13200,13200,23,0,2,56741,41242,0,23
131500,032350,13200,3,0,0.0,111.09,69805,77547,7742,1207,2730,1523,148271,13200,13200,13200,0,0,0,56768,41242,0,0
131500,032350,13200,3,0,0.0,111.09,69805,77547,7742,1207,2730,1523,148271,13200,13200,13200,0,0,0,56768,41242,0,0
131600,032350,13200,3,0,0.0,111.1,69805,77552,7747,1207,2732,1525,148276,13200,13200,13200,0,0,0,56745,41242,0,0
131600,032350,13150,5,50,-0.38,111.37,69975,77933,7958,1209,2749,1540,148827,13200,13200,13150,551,2,17,56507,41219,170,381
131700,032350,13200,3,0,0.0,111.4,69978,77953,7975,1210,2750,1540,148850,13150,13200,13150,23,1,1,56509,41173,3,20
131700,032350,13200,3,0,0.0,111.4,69978,77953,7975,1210,2750,1540,148850,13150,13200,13150,23,1,1,56509,41173,3,20
131800,032350,13200,3,0,0.0,111.7,69978,78165,8187,1210,2760,1550,149062,13200,13200,13200,45,0,2,56448,41224,0,45
131800,032350,13150,5,50,-0.38,111.63,70053,78201,8148,1211,2762,1551,149173,13200,13200,13150,156,1,4,56411,41223,75,81
131900,032350,13150,5,50,-0.38,111.63,70053,78201,8148,1211,2762,1551,149173,13150,13150,13150,0,0,0,56411,41223,0,0
131900,032350,13200,3,0,0.0,112.1,70112,78593,8481,1212,2777,1565,149624,13200,13200,13150,451,1,15,56242,41123,59,392
132000,032350,13200,3,0,0.0,112.11,70122,78613,8491,1213,2778,1565,149654,13200,13200,13200,20,0,1,56258,40783,0,20
132000,032350,13200,3,0,0.0,112.12,70122,78623,8501,1213,2779,1566,149664,13200,13200,13200,30,0,2,56238,40887,0,30
132100,032350,13200,3,0,0.0,112.41,70122,78823,8701,1213,2789,1576,149864,13200,13200,13200,140,0,4,56099,40907,0,140
132100,032350,13200,3,0,0.0,112.41,70122,78823,8701,1213,2789,1576,149864,13200,13200,13200,140,0,4,56099,40907,0,140
132200,032350,13200,3,0,0.0,113.1,70122,79306,9184,1213,2795,1582,150347,13200,13200,13200,483,0,6,55598,40907,0,483
132200,032350,13250,2,50,0.38,113.55,70148,79650,9502,1216,2810,1594,150717,13200,13250,13200,853,3,21,57942,40906,26,827
132300,032350,13200,3,0,0.0,113.54,70170,79670,9500,1218,2811,1593,150759,13250,13250,13200,42,2,1,58696,39643,22,20
132300,032350,13200,3,0,0.0,113.47,70222,79678,9456,1219,2812,1593,150819,13250,13250,13200,102,3,2,56155,40601,74,28
132400,032350,13200,3,0,0.0,113.74,70222,79873,9651,1219,2823,1604,151014,13200,13200,13200,149,0,6,55326,40601,0,149
132400,032350,13200,3,0,0.0,113.74,70222,79873,9651,1219,2823,1604,151014,13200,13200,13200,149,0,6,55326,40601,0,149
132500,032350,13200,3,0,0.0,113.98,70228,80047,9819,1220,2828,1608,151194,13200,13250,13200,180,1,5,58029,39674,6,174
132600,032350,13250,2,50,0.38,114.16,70228,80173,9945,1220,2833,1613,151320,13250,13250,13250,0,0,0,57872,39550,0,0
132600,032350,13250,2,50,0.38,114.24,70228,80230,10002,1220,2836,1616,151377,13250,13250,13250,57,0,3,59069,39650,0,57
132700,032350,13250,2,50,0.38,114.31,70228,80276,10048,1220,2841,1621,151423,13250,13250,13250,46,0,5,59040,39650,0,46
132700,032350,13250,2,50,0.38,114.59,70228,80474,10246,1220,2849,1629,151621,13250,13250,13250,244,0,13,58827,39660,0,244
132800,032350,13200,3,0,0.0,114.13,70508,80474,9966,1223,2849,1626,151901,13200,13200,13200,0,0,0,59287,39477,0,0
132800,032350,13200,3,0,0.0,114.46,70557,80761,10204,1224,2857,1633,152237,13250,13250,13200,336,1,8,56906,39867,49,287
132900,032350,13200,3,0,0.0,114.37,70614,80761,10147,1227,2857,1630,152294,13200,13200,13200,0,0,0,56906,39921,0,0
132900,032350,13200,3,0,0.0,114.4,70614,80784,10170,1227,2859,1632,152317,13200,13200,13200,23,0,2,53878,40951,0,23
133000,032350,13200,3,0,0.0,114.47,70614,80830,10216,1227,2864,1637,152363,13200,13200,13200,46,0,5,53932,40951,0,46
133000,032350,13200,3,0,0.0,114.68,70614,80978,10364,1227,2869,1642,152511,13200,13200,13200,194,0,10,53758,41097,0,194
133100,032350,13200,3,0,0.0,114.69,70614,80990,10376,1227,2871,1644,152523,13200,13200,13200,12,0,2,53738,41099,0,12
133100,032350,13200,3,0,0.0,114.96,70708,81285,10577,1231,2881,1650,152912,13200,13250,13200,401,4,12,56709,40181,94,307
133200,032350,13200,3,0,0.0,114.95,70716,81285,10569,1233,2881,1648,152920,13200,13200,13200,0,0,0,56709,40150,0,0
133200,032350,13200,3,0,0.0,115.05,70726,81371,10645,1235,2885,1650,153016,13200,13250,13200,96,2,4,53736,41169,10,86
133300,032350,13200,3,0,0.0,115.16,70726,81448,10722,1235,2894,1659,153093,13200,13200,13200,77,0,9,53745,41179,0,77
133300,032350,13200,3,0,0.0,115.36,70726,81590,10864,1235,2900,1665,153235,13200,13200,13200,219,0,15,53597,41229,0,219
133400,032350,13200,3,0,0.0,115.49,70726,81683,10957,1235,2904,1669,153328,13200,13200,13200,83,0,3,54087,41331,0,83
133400,032350,13200,3,0,0.0,115.75,70820,81977,11157,1239,2914,1675,153716,13200,13250,13200,471,4,13,56981,40348,94,377
133500,032350,13200,3,0,0.0,115.74,70828,81977,11149,1240,2914,1674,153724,13200,13200,13200,0,0,0,56981,40307,0,0
133500,032350,13250,2,50,0.38,115.77,70828,81997,11169,1240,2915,1675,153744,13250,13250,13250,20,0,1,56981,41324,0,20
133600,032350,13200,3,0,0.0,115.83,70835,82047,11212,1242,2922,1680,153801,13200,13200,13200,57,2,7,56654,40307,7,50
133600,032350,13200,3,0,0.0,116.03,70835,82187,11352,1242,2927,1685,153941,13200,13250,13200,197,2,12,54501,41325,7,190
133700,032350,13200,3,0,0.0,116.11,70835,82246,11411,1242,2930,1688,154000,13200,13200,13200,59,0,3,54102,41325,0,59
133700,032350,13200,3,0,0.0,116.49,70884,82570,11686,1244,2940,1696,154373,13200,13200,13200,432,2,13,56656,40348,49,383
133800,032350,13250,2,50,0.38,116.51,70894,82597,11703,1246,2942,1696,154410,13200,13250,13200,37,2,2,56656,42406,10,27
133800,032350,13250,2,50,0.38,116.6,70894,82662,11768,1246,2944,1698,154475,13200,13250,13200,102,2,4,56593,41044,10,92
133900,032350,13250,2,50,0.38,116.69,70894,82728,11834,1246,2951,1705,154541,13250,13250,13250,66,0,7,56510,41156,0,66
133900,032350,13250,2,50,0.38,116.89,70894,82868,11974,1246,2955,1709,154681,13250,13250,13250,206,0,11,56386,41232,0,206
134000,032350,13250,2,50,0.38,116.89,70894,82868,11974,1246,2955,1709,154681,13250,13250,13250,0,0,0,56386,41232,0,0
134100,032350,13250,2,50,0.38,117.52,70894,83316,12422,1246,2974,1728,155129,13250,13250,13250,0,0,0,56226,41692,0,0
134100,032350,13250,2,50,0.38,117.52,70894,83316,12422,1246,2974,1728,155129,13250,13250,13250,0,0,0,56226,41692,0,0
134200,032350,13250,2,50,0.38,117.55,70894,83339,12445,1246,2976,1730,155152,13250,13250,13250,0,0,0,56199,44506,0,0
134200,032350,13250,2,50,0.38,117.63,70894,83393,12499,1246,2982,1736,155206,13250,13250,13250,54,0,6,56150,44506,0,54
134300,032350,13250,2,50,0.38,117.83,70894,83533,12639,1246,2987,1741,155346,13250,13250,13250,0,0,0,56003,44506,0,0
134300,032350,13250,2,50,0.38,118.5,70894,84007,13113,1246,2998,1752,155820,13250,13250,13250,474,0,11,55564,43506,0,474
134400,032350,13250,2,50,0.38,118.71,70894,84161,13267,1246,3007,1761,155974,13250,13250,13250,7,0,1,55381,43606,0,7
134400,032350,13250,2,50,0.38,118.71,70894,84161,13267,1246,3007,1761,155974,13250,13250,13250,7,0,1,55381,43606,0,7
134500,032350,13250,2,50,0.38,118.84,70894,84247,13353,1246,3011,1765,156060,13250,13250,13250,86,0,4,55312,43552,0,86
134500,032350,13250,2,50,0.38,118.93,70894,84312,13418,1246,3020,1774,156125,13250,13250,13250,151,0,13,55244,43364,0,151
134600,032350,13250,2,50,0.38,120.43,70919,85409,14490,1248,3026,1778,157247,13250,13300,13250,1111,2,4,57285,30007,25,1086
134600,032350,13300,2,100,0.76,120.31,71231,85697,14466,1249,3034,1785,157847,13250,13300,13250,1711,3,12,57536,29879,337,1374
134700,032350,13300,2,100,0.76,120.76,71240,86031,14791,1251,3042,1791,158190,13300,13300,13300,324,0,7,57721,32237,0,324
134700,032350,13300,2,100,0.76,120.78,71240,86042,14802,1251,3044,1793,158201,13300,13300,13300,335,0,9,57987,33488,0,335
134800,032350,13350,2,150,1.14,128.14,71784,91981,20197,1254,3056,1802,164684,13300,13350,13300,1402,1,4,54095,32195,471,931
134800,032350,13350,2,150,1.14,128.56,71784,92287,20503,1254,3065,1811,164990,13300,13350,13300,1708,1,13,53202,32283,471,1237
134900,032350,13350,2,150,1.14,128.78,71784,92446,20662,1254,3072,1818,165149,13350,13350,13350,150,0,6,54010,34353,0,150
134900,032350,13350,2,150,1.14,133.84,71784,96073,24289,1254,3094,1840,168776,13350,13350,13350,3777,0,28,51848,36103,0,3777
135000,032350,13350,2,150,1.14,134.89,71784,96829,25045,1254,3107,1853,169532,13350,13350,13350,68,0,7,53061,36211,0,68
135000,032350,13350,2,150,1.14,135.89,71784,97547,25763,1254,3112,1858,170250,13350,13350,13350,786,0,12,52446,36213,0,786
135100,032350,13350,2,150,1.14,135.94,71784,97582,25798,1254,3116,1862,170285,13350,13350,13350,35,0,4,52896,35713,0,35
135100,032350,13350,2,150,1.14,137.3,71856,98656,26800,1258,3122,1864,171431,13350,13400,13300,1181,4,10,55955,32285,72,1109
135200,032350,13400,2,200,1.52,137.63,71865,98906,27041,1259,3126,1867,171690,13400,13400,13400,250,0,4,55992,35872,0,250
135200,032350,13350,2,150,1.14,138.36,71873,99441,27568,1260,3139,1879,172233,13400,13400,13300,793,1,17,54470,35786,8,785
135300,032350,13350,2,150,1.14,138.43,71873,99497,27624,1260,3145,1885,172289,13350,13350,13350,56,0,6,55592,35686,0,56
135300,032350,13350,2,150,1.14,138.44,71882,99510,27628,1261,3148,1887,172311,13350,13350,13300,78,1,9,55591,33423,9,69
135400,032350,13350,2,150,1.14,138.47,71882,99533,27651,1261,3150,1889,172334,13350,13350,13350,23,0,2,56949,33423,0,23
135400,032350,13350,2,150,1.14,138.56,71882,99597,27715,1261,3158,1897,172398,13350,13350,13350,87,0,10,56882,33430,0,87
135500,032350,13350,2,150,1.14,139.11,71882,99996,28114,1261,3171,1910,172797,13350,13350,13350,399,0,13,56446,33472,0,399
135600,032350,13350,2,150,1.14,139.32,71882,100148,28266,1261,3180,1919,172949,13350,13350,13350,0,0,0,56333,33472,0,0
135600,032350,13350,2,150,1.14,139.41,71882,100214,28332,1261,3188,1927,173015,13350,13350,13350,66,0,8,56374,33472,0,66
135700,032350,13300,2,100,0.76,137.75,72753,100214,27461,1266,3188,1922,173886,13300,13300,13300,0,0,0,56627,32562,0,0
135700,032350,13350,2,150,1.14,138.12,72763,100503,27740,1267,3191,1924,174185,13300,13350,13300,299,1,3,56548,36396,10,289
135800,032350,13350,2,150,1.14,138.12,72763,100503,27740,1267,3191,1924,174185,13350,13350,13350,0,0,0,56548,36396,0,0
135800,032350,13350,2,150,1.14,138.83,72763,101017,28254,1267,3205,1938,174699,13350,13350,13350,514,0,14,55144,33618,0,514
135900,032350,13350,2,150,1.14,138.85,72763,101029,28266,1267,3207,1940,174711,13350,13350,13350,12,0,2,55448,33659,0,12
135900,032350,13350,2,150,1.14,138.92,72763,101085,28322,1267,3213,1946,174767,13350,13350,13350,68,0,8,55432,33659,0,68
140000,032350,13350,2,150,1.14,138.94,72763,101096,28333,1267,3215,1948,174778,13350,13350,13350,0,0,0,55415,33659,0,0
140000,032350,13300,2,100,0.76,138.91,72792,101119,28327,1269,3217,1948,174830,13350,13350,13300,52,2,2,55401,33632,29,23
140100,032350,13350,2,150,1.14,138.98,72792,101165,28373,1269,3222,1953,174876,13350,13350,13350,0,0,0,55402,33639,0,0
140100,032350,13350,2,150,1.14,139.65,72792,101656,28864,1269,3237,1968,175367,13350,13350,13350,491,0,15,55061,33640,0,491
140200,032350,13350,2,150,1.14,139.65,72792,101656,28864,1269,3237,1968,175367,13350,13350,13350,0,0,0,55061,33640,0,0
140200,032350,13350,2,150,1.14,139.75,72792,101724,28932,1269,3246,1977,175435,13350,13350,13350,68,0,9,55052,33696,0,68
140300,032350,13350,2,150,1.14,139.75,72792,101724,28932,1269,3246,1977,175435,13350,13350,13350,0,0,0,55052,33696,0,0
140300,032350,13350,2,150,1.14,139.79,72792,101758,28966,1269,3251,1982,175469,13350,13350,13350,34,0,5,55356,33754,0,34
140400,032350,13350,2,150,1.14,140.04,72792,101940,29148,1269,3258,1989,175651,13350,13350,13350,182,0,7,55556,33754,0,182
140400,032350,13350,2,150,1.14,140.73,72792,102440,29648,1269,3275,2006,176151,13350,13350,13350,682,0,24,55165,33754,0,682
140500,032350,13350,2,150,1.14,140.74,72792,102451,29659,1269,3277,2008,176162,13350,13350,13350,11,0,2,55095,33754,0,11
140500,032350,13350,2,150,1.14,140.82,72792,102507,29715,1269,3283,2014,176218,13350,13350,13350,67,0,8,55044,33754,0,67
140600,032350,13350,2,150,1.14,140.92,72792,102578,29786,1269,3286,2017,176289,13350,13350,13350,71,0,3,54985,33754,0,71
140700,032350,13300,2,100,0.76,140.96,72800,102616,29816,1271,3295,2024,176335,13300,13300,13300,8,2,0,55128,34750,8,0
140700,032350,13300,2,100,0.76,140.35,73156,102671,29515,1273,3302,2029,176746,13300,13350,13300,419,4,7,55073,34559,364,55
140800,032350,13350,2,150,1.14,140.53,73356,103089,29733,1274,3314,2040,177364,13350,13350,13350,0,0,0,55166,34311,0,0
140800,032350,13300,2,100,0.76,140.49,73380,103089,29709,1275,3314,2039,177388,13300,13300,13300,24,1,0,54946,35271,24,0
140900,032350,13300,2,100,0.76,140.58,73470,103287,29817,1276,3323,2047,177676,13300,13300,13300,90,1,0,55166,35607,90,0
140900,032350,13300,2,100,0.76,140.6,73470,103296,29826,1276,3324,2048,177685,13300,13300,13300,99,1,1,54333,37480,90,9
141000,032350,13300,2,100,0.76,140.69,73470,103365,29895,1276,3331,2055,177754,13300,13300,13300,49,0,6,54301,37480,0,49
141000,032350,13300,2,100,0.76,141.17,73470,103715,30245,1276,3345,2069,178104,13300,13300,13300,399,0,20,54907,37540,0,399
141100,032350,13300,2,100,0.76,141.37,73470,103865,30395,1276,3351,2075,178254,13300,13300,13300,11,0,2,54776,37546,0,11
141100,032350,13300,2,100,0.76,141.46,73470,103929,30459,1276,3361,2085,178318,13300,13300,13300,75,0,12,58660,37243,0,75
141200,032350,13300,2,100,0.76,141.47,73470,103937,30467,1276,3362,2086,178326,13300,13300,13300,0,0,0,58644,37243,0,0
141200,032350,13250,2,50,0.38,141.24,73597,103948,30351,1277,3364,2087,178464,13300,13300,13250,138,1,2,58625,37243,127,11
141300,032350,13300,2,100,0.76,141.57,73597,104194,30597,1277,3373,2096,178710,13300,13300,13300,56,0,6,58425,37116,0,56
141300,032350,13300,2,100,0.76,142.11,73597,104588,30991,1277,3387,2110,179104,13300,13300,13300,450,0,20,57883,48727,0,450
141400,032350,13300,2,100,0.76,142.31,73597,104738,31141,1277,3394,2117,179254,13300,13300,13300,150,0,7,57734,48727,0,150
141400,032350,13300,2,100,0.76,142.39,73597,104794,31197,1277,3401,2124,179310,13300,13300,13300,206,0,14,57803,48777,0,206
141500,032350,13300,2,100,0.76,142.42,73597,104814,31217,1277,3404,2127,179330,13300,13300,13300,11,0,2,57779,48777,0,11
141500,032350,13300,2,100,0.76,142.43,73597,104824,31227,1277,3405,2128,179340,13300,13300,13300,21,0,3,57778,37311,0,21
141600,032350,13300,2,100,0.76,142.54,73597,104902,31305,1277,3414,2137,179418,13300,13300,13300,76,0,8,57697,38404,0,76
141600,032350,13350,2,150,1.14,142.94,73597,105199,31602,1277,3424,2147,179715,13300,13350,13300,373,0,18,59867,38403,0,373
141700,032350,13300,2,100,0.76,142.98,73661,105320,31659,1279,3427,2148,179900,13350,13350,13300,185,2,3,60784,35966,64,121
141700,032350,13300,2,100,0.76,142.92,73719,105362,31643,1286,3429,2143,180000,13350,13350,13300,285,9,5,60827,34973,122,163
141800,032350,13350,2,150,1.14,142.96,73733,105412,31679,1287,3430,2143,180064,13350,13350,13350,50,0,1,61017,37472,0,50
141900,032350,13300,2,100,0.76,142.96,73743,105422,31679,1290,3432,2142,180084,13300,13300,13300,0,0,0,65841,48973,0,0
141900,032350,13300,2,100,0.76,143.08,73743,105510,31767,1290,3442,2152,180172,13300,13300,13300,88,0,10,65514,47932,0,88
142000,032350,13300,2,100,0.76,143.53,73743,105840,32097,1290,3452,2162,180502,13300,13300,13300,0,0,0,65729,47932,0,0
142000,032350,13300,2,100,0.76,143.73,73743,105991,32248,1290,3457,2167,180653,13300,13300,13300,151,0,5,65587,47932,0,151
142100,032350,13300,2,100,0.76,143.81,73743,106048,32305,1290,3463,2173,180710,13300,13300,13300,0,0,0,65568,47932,0,0
142100,032350,13300,2,100,0.76,143.96,73743,106158,32415,1290,3469,2179,180820,13300,13300,13300,110,0,6,65458,47889,0,110
142200,032350,13300,2,100,0.76,143.97,73743,106169,32426,1290,3471,2181,180831,13300,13300,13300,11,0,2,65440,47947,0,11
142200,032350,13300,2,100,0.76,144.18,73743,106324,32581,1290,3481,2191,180986,13300,13300,13300,166,0,12,65364,47947,0,166
142300,032350,13300,2,100,0.76,144.54,73743,106586,32843,1290,3491,2201,181248,13300,13300,13300,0,0,0,65045,47947,0,0
142300,032350,13300,2,100,0.76,144.73,73743,106726,32983,1290,3496,2206,181388,13300,13300,13300,140,0,5,63976,47947,0,140
142400,032350,13300,2,100,0.76,144.87,73743,106831,33088,1290,3505,2215,181493,13300,13300,13300,94,0,7,63907,46584,0,94
142400,032350,13300,2,100,0.76,144.86,73753,106838,33085,1291,3508,2217,181510,13300,13300,13250,111,1,10,63864,46574,10,101
142500,032350,13300,2,100,0.76,144.97,73753,106921,33168,1291,3514,2223,181593,13300,13300,13300,71,0,4,63784,46516,0,71
142500,032350,13300,2,100,0.76,145.54,73753,107339,33586,1291,3534,2243,182011,13300,13300,13300,489,0,24,63364,46566,0,489
142600,032350,13300,2,100,0.76,146.42,73823,108088,34265,1292,3541,2249,182830,13300,13300,13300,579,0,4,62665,46496,0,579
142600,032350,13300,2,100,0.76,146.59,73841,108242,34401,1293,3548,2255,183002,13300,13300,13250,751,1,11,62492,46478,18,733
142700,032350,13300,2,100,0.76,146.68,73841,108308,34467,1293,3558,2265,183068,13300,13300,13300,61,0,8,62426,46574,0,61
142700,032350,13300,2,100,0.76,146.69,73841,108318,34477,1293,3560,2267,183078,13300,13300,13300,71,0,10,62416,46574,0,71
142800,032350,13300,2,100,0.76,146.75,73841,108364,34523,1293,3564,2271,183124,13300,13300,13300,46,0,4,62325,46612,0,46
142800,032350,13300,2,100,0.76,147.3,73841,108770,34929,1293,3582,2289,183530,13300,13300,13300,452,0,22,61929,46612,0,452
142900,032350,13300,2,100,0.76,147.63,73841,109013,35172,1293,3587,2294,183773,13300,13300,13300,243,0,5,61677,46612,0,243
142900,032350,13300,2,100,0.76,148.66,73841,109771,35930,1293,3598,2305,184531,13300,13300,13300,1001,0,16,61055,46612,0,1001
143000,032350,13300,2,100,0.76,148.77,73841,109855,36014,1293,3608,2315,184615,13300,13300,13300,84,0,10,60879,46612,0,84
143000,032350,13300,2,100,0.76,148.77,73841,109855,36014,1293,3608,2315,184615,13300,13300,13300,84,0,10,60879,46612,0,84
143100,032350,13300,2,100,0.76,148.8,73841,109876,36035,1293,3612,2319,184636,13300,13300,13300,10,0,2,60851,46612,0,10
143100,032350,13300,2,100,0.76,150.18,73841,110898,37057,1293,3636,2343,185658,13300,13300,13300,1032,0,26,59933,45612,0,1032
143200,032350,13300,2,100,0.76,151.04,73841,111529,37688,1293,3644,2351,186289,13300,13300,13300,631,0,8,59805,45257,0,631
143300,032350,13300,2,100,0.76,151.48,73841,111854,38013,1293,3655,2362,186614,13300,13300,13300,0,0,0,59659,45207,0,0
143300,032350,13300,2,100,0.76,151.56,73841,111911,38070,1293,3662,2369,186671,13300,13300,13300,57,0,7,59602,45207,0,57
143400,032350,13300,2,100,0.76,151.56,73841,111911,38070,1293,3662,2369,186671,13300,13300,13300,0,0,0,59602,45207,0,0
143400,032350,13300,2,100,0.76,151.56,73841,111911,38070,1293,3662,2369,186671,13300,13300,13300,0,0,0,59721,45207,0,0
143500,032350,13300,2,100,0.76,151.99,73887,112301,38414,1295,3675,2380,187107,13300,13300,13300,0,0,0,62915,43669,0,0
143500,032350,13300,2,100,0.76,151.99,73887,112301,38414,1295,3675,2380,187107,13300,13300,13300,0,0,0,62915,43669,0,0
143600,032350,13300,2,100,0.76,152.07,73930,112422,38492,1298,3678,2380,187271,13300,13300,13300,0,0,0,65991,43655,0,0
143600,032350,13300,2,100,0.76,152.05,73979,112487,38508,1299,3681,2382,187385,13300,13300,13300,114,1,3,62799,45207,49,65
143700,032350,13300,2,100,0.76,152.21,73979,112604,38625,1299,3683,2384,187502,13300,13300,13300,0,0,0,62756,45105,0,0
143700,032350,13300,2,100,0.76,152.63,73979,112915,38936,1299,3693,2394,187813,13300,13300,13300,311,0,10,62460,45105,0,311
143800,032350,13300,2,100,0.76,152.76,73979,113010,39031,1299,3702,2403,187908,13300,13300,13300,0,0,0,63011,45105,0,0
143800,032350,13300,2,100,0.76,152.62,74079,113060,38981,1300,3703,2403,188058,13250,13300,13250,150,1,1,63362,45005,100,50
143900,032350,13300,2,100,0.76,153.0,74079,113339,39260,1300,3707,2407,188337,13300,13300,13300,121,0,3,63354,45057,0,121
143900,032350,13250,2,50,0.38,146.44,77573,113596,36023,1303,3718,2415,192088,13300,13300,13250,3872,3,14,60620,42966,3494,378
144000,032350,13250,2,50,0.38,146.89,77731,114180,36449,1304,3725,2421,192830,13250,13250,13250,583,0,6,59341,43844,0,583
144100,032350,13250,2,50,0.38,147.42,77731,114588,36857,1304,3743,2439,193238,13250,13250,13250,53,0,6,59222,43954,0,53
144100,032350,13250,2,50,0.38,147.42,77731,114588,36857,1304,3743,2439,193238,13250,13250,13250,53,0,6,59222,43954,0,53
144200,032350,13250,2,50,0.38,147.6,77731,114728,36997,1304,3747,2443,193378,13250,13250,13250,140,0,4,58576,45825,0,140
144200,032350,13250,2,50,0.38,147.69,77731,114803,37072,1304,3756,2452,193453,13250,13250,13250,215,0,13,58881,44866,0,215
144300,032350,13250,2,50,0.38,147.71,77731,114815,37084,1304,3760,2456,193465,13250,13250,13250,2,0,1,59022,44479,0,2
144300,032350,13250,2,50,0.38,148.14,77731,115147,37416,1304,3773,2469,193797,13250,13250,13250,334,0,14,59245,44503,0,334
144400,032350,13250,2,50,0.38,148.24,77731,115225,37494,1304,3782,2478,193875,13250,13250,13250,54,0,7,59423,44536,0,54
144400,032350,13250,2,50,0.38,148.24,77731,115225,37494,1304,3782,2478,193875,13250,13250,13250,54,0,7,59423,44536,0,54
144500,032350,13250,2,50,0.38,148.39,77731,115346,37615,1304,3785,2481,193996,13250,13250,13250,121,0,3,59436,44149,0,121
144500,032350,13250,2,50,0.38,148.49,77731,115423,37692,1304,3794,2490,194073,13250,13250,13250,198,0,12,59239,44149,0,198
144600,032350,13250,2,50,0.38,148.49,77731,115424,37693,1304,3795,2491,194074,13250,13250,13250,0,0,0,59238,44149,0,0
144600,032350,13250,2,50,0.38,148.71,77810,115710,37900,1305,3803,2498,194439,13200,13250,13200,365,1,8,59037,44070,79,286
144700,032350,13150,5,50,-0.38,142.34,81304,115730,34426,1309,3804,2495,197953,13300,13300,13150,3514,4,1,63088,42858,3494,20
144700,032350,13250,2,50,0.38,142.43,81304,115799,34495,1309,3805,2496,198022,13300,13300,13150,3583,4,2,59274,42403,3494,89
144800,032350,13200,3,0,0.0,142.58,81304,115920,34616,1309,3808,2499,198143,13200,13200,13200,121,0,3,56789,42968,0,121
144800,032350,13200,3,0,0.0,143.07,81304,116321,35017,1309,3816,2507,198544,13200,13200,13200,522,0,11,59625,43025,0,522
144900,032350,13200,3,0,0.0,143.07,81304,116321,35017,1309,3816,2507,198544,13200,13200,13200,0,0,0,59625,43025,0,0
144900,032350,13300,2,100,0.76,143.42,81304,116606,35302,1309,3825,2516,198829,13250,13300,13250,285,0,9,61539,41352,0,285
145000,032350,13300,2,100,0.76,143.54,81304,116702,35398,1309,3827,2518,198925,13300,13300,13300,96,0,2,65563,40288,0,96
145000,032350,13300,2,100,0.76,143.54,81304,116702,35398,1309,3827,2518,198925,13300,13300,13300,96,0,2,65563,40288,0,96
145100,032350,13300,2,100,0.76,144.11,81304,117167,35863,1309,3833,2524,199390,13300,13300,13300,465,0,6,66406,41509,0,465
145200,032350,13300,2,100,0.76,144.19,81304,117229,35925,1309,3841,2532,199452,13300,13300,13300,0,0,0,66267,41819,0,0
145200,032350,13250,2,50,0.38,143.83,81504,117229,35725,1310,3841,2531,199652,13250,13250,13250,200,1,0,66548,41930,200,0
145300,032350,13250,2,50,0.38,143.52,81902,117544,35642,1314,3851,2537,200365,13250,13250,13250,0,0,0,64159,43786,0,0
145300,032350,13250,2,50,0.38,143.45,81986,117610,35624,1315,3857,2542,200515,13200,13250,13200,150,1,6,64149,42616,84,66
145400,032350,13250,2,50,0.38,143.45,81986,117610,35624,1315,3857,2542,200515,13250,13250,13250,0,0,0,64149,42616,0,0
145400,032350,13200,3,0,0.0,143.48,82054,117731,35677,1316,3860,2544,200704,13250,13250,13200,189,1,3,63982,45702,68,121
145500,032350,13250,2,50,0.38,143.54,82054,117781,35727,1316,3866,2550,200754,13250,13250,13250,0,0,0,64181,45734,0,0
145500,032350,13250,2,50,0.38,143.96,82054,118122,36068,1316,3876,2560,201095,13250,13250,13250,341,0,10,63803,45222,0,341
145600,032350,13250,2,50,0.38,143.96,82054,118122,36068,1316,3876,2560,201095,13250,13250,13250,0,0,0,63803,45222,0,0
145600,032350,13250,2,50,0.38,144.11,82054,118249,36195,1316,3886,2570,201222,13250,13250,13250,127,0,10,63714,45222,0,127
145700,032350,13250,2,50,0.38,144.09,82143,118362,36219,1317,3889,2572,201424,13250,13250,13250,105,0,1,63757,45133,0,105
145700,032350,13250,2,50,0.38,144.24,82143,118483,36340,1317,3892,2575,201545,13250,13250,13250,226,0,4,63752,45134,0,226
145800,032350,13250,2,50,0.38,144.3,82143,118532,36389,1317,3897,2580,201594,13250,13250,13250,0,0,0,62117,45134,0,0
145800,032350,13250,2,50,0.38,144.77,82143,118919,36776,1317,3908,2591,201981,13250,13250,13250,387,0,11,61858,45162,0,387
145900,032350,13250,2,50,0.38,146.15,82186,120112,37926,1321,3912,2591,203217,13250,13250,13250,96,3,2,64480,43242,37,59
145900,032350,13300,2,100,0.76,146.17,82186,120132,37946,1321,3913,2592,203237,13250,13300,13250,116,3,3,64480,45050,37,79
150000,032350,13200,3,0,0.0,145.99,82286,120132,37846,1323,3913,2590,203337,13200,13200,13200,0,0,0,64505,43275,0,0
150000,032350,13300,2,100,0.76,146.14,82286,120253,37967,1323,3916,2593,203458,13300,13300,13300,121,0,3,64329,45011,0,121
150100,032350,13250,2,50,0.38,146.09,82351,120303,37952,1327,3922,2595,203573,13250,13300,13250,115,4,6,64161,43762,65,50
150100,032350,13250,2,50,0.38,146.38,82389,120598,38209,1331,3931,2600,203906,13250,13300,13200,448,8,15,61345,45007,103,345
150200,032350,13200,3,0,0.0,144.92,83318,120746,37428,1334,3935,2601,204983,13200,13200,13150,1077,3,4,61199,45643,929,148
150200,032350,13200,3,0,0.0,145.25,83318,121021,37703,1334,3948,2614,205258,13200,13200,13150,1352,3,17,60924,44144,929,423
150300,032350,13150,5,50,-0.38,145.12,83395,121021,37626,1335,3948,2613,205335,13150,13150,13150,77,1,0,60924,43131,77,0
150300,032350,13200,3,0,0.0,145.25,83403,121142,37739,1336,3951,2615,205464,13150,13200,13150,206,2,3,60902,43415,85,121
150400,032350,13200,3,0,0.0,145.31,83403,121191,37788,1336,3956,2620,205513,13200,13200,13200,49,0,5,60781,43415,0,49
150500,032350,13200,3,0,0.0,145.75,83403,121563,38160,1336,3966,2630,205885,13200,13200,13200,0,0,0,60407,43623,0,0
150500,032350,13200,3,0,0.0,145.89,83403,121679,38276,1336,3980,2644,206001,13200,13200,13200,116,0,14,60310,43499,0,116
150600,032350,13200,3,0,0.0,145.88,83479,121783,38304,1337,3990,2653,206181,13200,13200,13200,26,0,1,60359,43274,0,26
150600,032350,13200,3,0,0.0,145.88,83479,121783,38304,1337,3990,2653,206181,13200,13200,13200,26,0,1,60359,43274,0,26
150700,032350,13200,3,0,0.0,146.03,83479,121904,38425,1337,3993,2656,206302,13200,13200,13200,121,0,3,60585,43203,0,121
150700,032350,13200,3,0,0.0,146.24,83479,122081,38602,1337,4001,2664,206479,13200,13200,13200,298,0,11,60559,43383,0,298
150800,032350,13200,3,0,0.0,146.52,83479,122314,38835,1337,4004,2667,206712,13200,13200,13200,0,0,0,61078,44771,0,0
150800,032350,13200,3,0,0.0,146.6,83479,122379,38900,1337,4010,2673,206777,13200,13200,13200,65,0,6,60007,44816,0,65
150900,032350,13200,3,0,0.0,146.66,83479,122433,38954,1337,4017,2680,206831,13200,13200,13200,0,0,0,59954,44816,0,0
150900,032350,13200,3,0,0.0,146.58,83559,122481,38922,1338,4018,2680,206959,13150,13200,13150,128,1,1,60216,44816,80,48
151000,032350,13200,3,0,0.0,146.73,83559,122602,39043,1338,4021,2683,207080,13200,13200,13200,121,0,3,60228,45134,0,121
151000,032350,13200,3,0,0.0,146.9,83559,122749,39190,1338,4030,2692,207227,13200,13200,13200,268,0,12,60368,44778,0,268
151100,032350,13200,3,0,0.0,146.9,83559,122749,39190,1338,4030,2692,207227,13200,13200,13200,0,0,0,60368,44778,0,0
151100,032350,13200,3,0,0.0,146.92,83559,122769,39210,1338,4031,2693,207247,13200,13200,13200,20,0,1,60304,43482,0,20
151200,032350,13200,3,0,0.0,147.04,83559,122868,39309,1338,4040,2702,207346,13200,13200,13200,42,0,2,60249,43482,0,42
151200,032350,13200,3,0,0.0,146.87,83660,122874,39214,1339,4042,2703,207453,13200,13200,13150,149,1,4,60301,43381,101,48
151300,032350,13200,3,0,0.0,147.71,83660,123573,39913,1339,4060,2721,208152,13200,13200,13200,600,0,17,59826,43584,0,600
151300,032350,13200,3,0,0.0,148.04,83660,123849,40189,1339,4081,2742,208428,13200,13200,13200,876,0,38,59106,43547,0,876
151400,032350,13200,3,0,0.0,148.34,83660,124098,40438,1339,4082,2743,208677,13200,13200,13200,249,0,1,59370,43547,0,249
151400,032350,13200,3,0,0.0,148.28,83706,124118,40412,1344,4083,2739,208743,13200,13250,13200,315,5,2,61460,41641,46,269
151500,032350,13200,3,0,0.0,148.2,83751,124118,40367,1346,4083,2737,208788,13200,13200,13200,45,2,0,61320,40947,45,0
151600,032350,13200,3,0,0.0,148.2,83751,124118,40367,1346,4083,2737,208788,13200,13200,13200,0,0,0,61320,40947,0,0
151600,032350,13200,3,0,0.0,148.19,83873,124294,40421,1348,4087,2739,209086,13250,13250,13200,298,2,4,62598,43027,122,176
151700,032350,13200,3,0,0.0,148.43,83881,124503,40622,1349,4090,2741,209303,13200,13200,13200,0,0,0,60072,43858,0,0
151700,032350,13250,2,50,0.38,148.44,83881,124515,40634,1349,4091,2742,209315,13250,13250,13250,12,0,1,62507,43870,0,12
151800,032350,13200,3,0,0.0,148.4,83930,124549,40619,1352,4094,2742,209398,13250,13250,13200,61,3,1,62520,43014,49,12
151800,032350,13200,3,0,0.0,146.45,85079,124595,39516,1354,4095,2741,210593,13250,13250,13150,1256,5,2,61020,43446,1198,58
151900,032350,13150,5,50,-0.38,146.2,85238,124617,39379,1356,4100,2744,210774,13200,13200,13150,129,1,3,61455,44569,119,10
151900,032350,13200,3,0,0.0,146.14,85356,124738,39382,1361,4103,2742,211013,13200,13200,13150,368,6,6,61369,44333,237,131
152000,032350,13200,3,0,0.0,146.21,85356,124802,39446,1361,4105,2744,211077,13200,13200,13200,44,0,1,61348,44383,0,44
152000,032350,13150,5,50,-0.38,146.32,85382,124928,39546,1364,4106,2742,211229,13200,13200,13150,196,3,2,60871,44780,26,170
152000,032350,13200,3,0,0.0,146.32,85382,124929,39547,1364,4107,2743,211230,13200,13200,13150,197,3,3,60853,43560,26,171
152000,032350,13200,3,0,0.0,146.32,85382,124929,39547,1364,4107,2743,211230,13200,13200,13150,197,3,3,60853,43560,26,171
152000,032350,13200,3,0,0.0,146.32,85382,124929,39547,1364,4107,2743,211230,13200,13200,13150,197,3,3,60853,43560,26,171
152000,032350,13200,3,0,0.0,146.32,85382,124929,39547,1364,4107,2743,211230,13200,13200,13150,197,3,3,60853,43560,26,171
152000,032350,13200,3,0,0.0,146.32,85382,124929,39547,1364,4107,2743,211230,13200,13200,13150,197,3,3,60853,43560,26,171
152000,032350,13200,3,0,0.0,146.32,85382,124929,39547,1364,4107,2743,211230,13200,13200,13150,197,3,3,60853,43560,26,171
152000,032350,13200,3,0,0.0,146.32,85382,124929,39547,1364,4107,2743,211230,13200,13200,13150,197,3,3,60853,43560,26,171
152000,032350,13200,3,0,0.0,146.32,85382,124929,39547,1364,4107,2743,211230,13200,13200,13150,197,3,3,60853,43560,26,171
152000,032350,13200,3,0,0.0,146.32,85382,124929,39547,1364,4107,2743,211230,13200,13200,13150,197,3,3,60853,43560,26,171
152000,032350,13200,3,0,0.0,146.32,85382,124929,39547,1364,4107,2743,211230,13200,13200,13150,197,3,3,60853,43560,26,171
152000,032350,13200,3,0,0.0,146.32,85382,124929,39547,1364,4107,2743,211230,13200,13200,13150,197,3,3,60853,43560,26,171
152000,032350,13200,3,0,0.0,146.32,85382,124929,39547,1364,4107,2743,211230,13200,13200,13150,197,3,3,60853,43560,26,171
152000,032350,13200,3,0,0.0,146.32,85382,124929,39547,1364,4107,2743,211230,13200,13200,13150,197,3,3,60853,43560,26,171
152000,032350,13200,3,0,0.0,146.32,85382,124929,39547,1364,4107,2743,211230,13200,13200,13150,197,3,3,60853,43560,26,171
152000,032350,13200,3,0,0.0,146.32,85382,124929,39547,1364,4107,2743,211230,13200,13200,13150,197,3,3,60853,43560,26,171
152000,032350,13200,3,0,0.0,146.32,85382,124929,39547,1364,4107,2743,211230,13200,13200,13150,197,3,3,60853,43560,26,171
152000,032350,13200,3,0,0.0,146.32,85382,124929,39547,1364,4107,2743,211230,13200,13200,13150,197,3,3,60853,43560,26,171
152000,032350,13200,3,0,0.0,146.32,85382,124929,39547,1364,4107,2743,211230,13200,13200,13150,197,3,3,60853,43560,26,171
152000,032350,13200,3,0,0.0,146.32,85382,124929,39547,1364,4107,2743,211230,13200,13200,13150,197,3,3,60853,43560,26,171
